200 0.024481
200 0.024758
200 0.024809
200 0.025265
200 0.025110
200 0.025166
200 0.025149
200 0.024567
200 0.024985
200 0.025834
200 0.026782
200 0.026777
200 0.025388
200 0.024884
200 0.025449
200 0.025314
200 0.024884
200 0.024692
200 0.025308
200 0.025020
200 0.025031
200 0.025400
200 0.025002
200 0.025900
200 0.024957
200 0.025174
200 0.025804
200 0.026820
200 0.025073
200 0.025424
200 0.025477
200 0.025192
200 0.025502
200 0.025266
200 0.025527
200 0.026422
200 0.025297
200 0.025327
200 0.025280
200 0.025395
200 0.024960
200 0.025263
200 0.025985
200 0.025844
200 0.024977
200 0.025487
200 0.025747
200 0.025438
200 0.025008
200 0.025342
200 0.024830
200 0.026055
200 0.025108
200 0.025193
200 0.025555
200 0.025926
200 0.024808
200 0.025292
200 0.026156
200 0.027186
200 0.025390
200 0.025371
200 0.024989
200 0.025273
200 0.025205
200 0.025423
200 0.025640
200 0.025057
200 0.025698
200 0.024995
200 0.026023
200 0.026580
200 0.025355
200 0.025075
200 0.025481
200 0.025731
200 0.025797
200 0.025767
200 0.025612
200 0.026444
200 0.025256
200 0.025714
200 0.025909
200 0.026438
200 0.025226
200 0.025299
200 0.025607
200 0.025760
200 0.025038
200 0.025305
200 0.025245
200 0.025050
200 0.025059
200 0.025130
200 0.025184
200 0.025459
200 0.025092
200 0.025428
200 0.025644
200 0.025383
200 0.025142
200 0.025181
200 0.025296
200 0.025696
200 0.025574
200 0.025612
200 0.025788
200 0.026833
200 0.025184
200 0.025384
200 0.024838
200 0.025466
200 0.025522
200 0.025681
200 0.025707
200 0.025323
200 0.025249
200 0.025574
200 0.025410
200 0.026004
200 0.025327
200 0.025396
200 0.025739
200 0.026053
200 0.025172
200 0.025525
200 0.025554
200 0.025428
200 0.025112
200 0.025040
200 0.025347
200 0.026017
200 0.025045
200 0.025633
200 0.025623
200 0.025950
200 0.025219
200 0.025172
200 0.025541
200 0.025743
200 0.024906
200 0.025276
200 0.025410
200 0.025836
200 0.025035
200 0.025536
200 0.025900
200 0.025689
200 0.025529
200 0.025543
200 0.025833
200 0.025404
200 0.025474
200 0.025513
200 0.025082
200 0.025778
200 0.025178
200 0.025605
200 0.025587
200 0.025679
200 0.025243
200 0.025283
200 0.025558
200 0.026136
200 0.025479
200 0.025444
200 0.026040
200 0.025765
200 0.025394
200 0.025448
200 0.025544
200 0.026302
200 0.025704
200 0.025987
200 0.026067
200 0.026191
200 0.025112
200 0.025417
200 0.025771
200 0.026115
200 0.025201
200 0.025625
200 0.025846
200 0.025877
200 0.025138
200 0.025128
200 0.025178
200 0.025352
200 0.025288
200 0.025556
200 0.025580
200 0.027681
200 0.025146
200 0.025557
200 0.025539
200 0.026761
200 0.025507
200 0.025535
200 0.025562
200 0.026458
200 0.025105
200 0.025404
200 0.025402
200 0.025467
200 0.025370
200 0.025358
200 0.025382
200 0.025815
200 0.024850
200 0.024889
200 0.024888
200 0.025504
200 0.025096
200 0.024954
200 0.025502
200 0.025675
200 0.025529
200 0.025490
200 0.026015
200 0.026909
200 0.025066
200 0.025050
200 0.025335
200 0.025503
200 0.025518
200 0.025377
200 0.026021
200 0.026579
200 0.025606
200 0.025652
200 0.025732
200 0.025639
200 0.025506
200 0.025711
200 0.025856
200 0.026602
200 0.025188
200 0.025480
200 0.026272
200 0.025715
200 0.025172
200 0.025339
200 0.025259
200 0.025563
200 0.025163
200 0.025689
200 0.025885
200 0.025699
200 0.025573
200 0.025592
200 0.025427
200 0.025569
200 0.025044
200 0.025532
200 0.025613
200 0.025735
200 0.025042
200 0.025390
200 0.025632
200 0.026127
200 0.025144
200 0.025067
200 0.025230
200 0.026472
200 0.025088
200 0.025633
200 0.025639
200 0.025239
200 0.025080
200 0.026013
200 0.025988
200 0.026705
200 0.025107
200 0.025482
200 0.025143
200 0.025537
200 0.025152
200 0.025437
200 0.025655
200 0.025296
200 0.025415
200 0.025437
200 0.025515
200 0.025774
200 0.025141
200 0.025512
200 0.025513
200 0.025700
200 0.025062
200 0.025498
200 0.025442
200 0.025250
200 0.025181
200 0.025343
200 0.025069
200 0.025534
200 0.025734
200 0.025874
200 0.025646
200 0.026128
200 0.025504
200 0.025505
200 0.025666
200 0.025472
200 0.024855
200 0.025307
200 0.025333
200 0.026234
200 0.025223
200 0.025800
200 0.026011
200 0.026372
200 0.025329
200 0.025485
200 0.025270
200 0.026104
200 0.025400
200 0.025817
200 0.025191
200 0.025921
200 0.025486
200 0.025480
200 0.025568
200 0.025391
200 0.025263
200 0.025514
200 0.025432
200 0.025654
200 0.025308
200 0.025485
200 0.025533
200 0.025736
200 0.025308
200 0.025390
200 0.025441
200 0.025879
200 0.025450
200 0.025659
200 0.025731
200 0.025607
200 0.025289
200 0.025345
200 0.025425
200 0.025705
200 0.025300
200 0.025194
200 0.026156
200 0.025298
200 0.025329
200 0.025806
200 0.026083
200 0.025924
200 0.025480
200 0.025586
200 0.025770
200 0.025855
200 0.025310
200 0.025427
200 0.025754
200 0.025649
200 0.025465
200 0.026024
200 0.026073
200 0.026209
200 0.026552
200 0.026030
200 0.027245
200 0.028239
200 0.025773
200 0.026919
200 0.026736
200 0.027242
200 0.025266
200 0.025434
200 0.025662
200 0.025887
200 0.025279
200 0.025661
200 0.025775
200 0.025874
200 0.025433
200 0.025850
200 0.026231
200 0.025859
200 0.025788
200 0.025780
200 0.025630
200 0.025712
200 0.025753
200 0.025850
200 0.025790
200 0.025511
200 0.025357
200 0.025382
200 0.025457
200 0.026062
200 0.025189
200 0.025564
200 0.025523
200 0.025647
200 0.025409
200 0.025379
200 0.025298
200 0.025663
200 0.025500
200 0.025430
200 0.025526
200 0.025549
200 0.025148
200 0.025500
200 0.025794
200 0.025840
200 0.025515
200 0.025516
200 0.025516
200 0.025881
200 0.025643
200 0.025575
200 0.025495
200 0.025537
200 0.025845
200 0.025847
200 0.025928
200 0.025640
200 0.025572
200 0.025837
200 0.025561
200 0.025605
200 0.025412
200 0.025407
200 0.025412
200 0.025879
200 0.025432
200 0.025508
200 0.025508
200 0.025782
200 0.025211
200 0.025635
200 0.025558
200 0.025633
200 0.025534
200 0.025527
200 0.025558
200 0.025798
200 0.025563
200 0.025580
200 0.025672
200 0.025436
200 0.025433
200 0.025439
200 0.025406
200 0.025519
200 0.025379
200 0.025188
200 0.025668
200 0.025633
200 0.025445
200 0.025444
200 0.025604
200 0.026116
200 0.025759
200 0.025802
200 0.026021
200 0.026345
200 0.025717
200 0.025673
200 0.025606
200 0.026514
200 0.025310
200 0.025595
200 0.025819
200 0.025761
200 0.025188
200 0.025179
200 0.025502
200 0.026040
200 0.024872
200 0.025408
200 0.025535
200 0.025575
200 0.025548
200 0.025588
200 0.025072
200 0.025622
200 0.025588
200 0.025523
200 0.025551
200 0.025358
200 0.025100
200 0.025500
200 0.025499
200 0.025550
200 0.025135
200 0.025355
200 0.025366
200 0.025841
200 0.025503
200 0.025508
200 0.025504
200 0.025634
200 0.025424
200 0.025418
200 0.025565
200 0.024958
200 0.025559
200 0.025550
200 0.025891
200 0.025565
200 0.024989
200 0.024881
200 0.025018
200 0.025509
200 0.025201
200 0.025304
200 0.025840
200 0.026305
200 0.025106
200 0.025109
200 0.025462
200 0.025635
200 0.025171
200 0.025173
200 0.025585
200 0.026118
200 0.025294
200 0.025345
200 0.025363
200 0.025314
200 0.025570
200 0.025579
200 0.025376
200 0.025682
200 0.025459
200 0.025443
200 0.025582
200 0.025656
200 0.025190
200 0.025435
200 0.025609
200 0.025012
200 0.025259
200 0.025580
200 0.025493
200 0.025626
200 0.025534
200 0.025655
200 0.025691
200 0.025725
200 0.025037
200 0.025210
200 0.025639
200 0.026136
200 0.025182
200 0.025368
200 0.025736
200 0.025380
200 0.024980
200 0.025363
200 0.025208
200 0.025551
200 0.025556
200 0.025554
200 0.025565
200 0.025294
200 0.025103
200 0.025101
200 0.025216
200 0.025667
200 0.025107
200 0.025452
200 0.025815
200 0.025312
200 0.025550
200 0.025590
200 0.025921
200 0.026502
200 0.024958
200 0.025058
200 0.025767
200 0.026245
200 0.025161
200 0.025665
200 0.025604
200 0.025858
200 0.025511
200 0.025630
200 0.025550
200 0.025654
200 0.025328
200 0.025496
200 0.025382
200 0.026183
200 0.025363
200 0.025033
200 0.025508
200 0.025666
200 0.025135
200 0.025560
200 0.025717
200 0.025656
200 0.025704
200 0.025727
200 0.025725
200 0.025633
200 0.025257
200 0.025674
200 0.025728
200 0.025779
200 0.025553
200 0.025567
200 0.025061
200 0.025301
200 0.025189
200 0.025529
200 0.025528
200 0.025550
200 0.025238
200 0.025513
200 0.025480
200 0.025710
200 0.025175
200 0.025536
200 0.025455
200 0.026013
200 0.025211
200 0.025636
200 0.025765
200 0.025426
200 0.025226
200 0.025248
200 0.025177
200 0.025696
200 0.025480
200 0.025662
200 0.025716
200 0.025019
200 0.025709
200 0.025409
200 0.025772
200 0.025816
200 0.025564
200 0.025585
200 0.025449
200 0.025752
200 0.025081
200 0.025468
200 0.025752
200 0.026720
200 0.025281
200 0.025466
200 0.025522
200 0.025295
200 0.025087
200 0.025128
200 0.025597
200 0.025806
200 0.025472
200 0.025336
200 0.026061
200 0.027267
200 0.025175
200 0.025593
200 0.025644
200 0.025762
200 0.025102
200 0.025503
200 0.025712
200 0.025426
200 0.025484
200 0.025465
200 0.025543
200 0.025453
200 0.025364
200 0.025474
200 0.024817
200 0.026666
200 0.025395
200 0.025427
200 0.025433
200 0.025421
200 0.025656
200 0.025701
200 0.025491
200 0.025763
200 0.025061
200 0.025597
200 0.025550
200 0.025287
200 0.025140
200 0.025834
200 0.025886
200 0.025636
200 0.025266
200 0.025180
200 0.025715
200 0.025765
200 0.025336
200 0.025286
200 0.025699
200 0.025754
200 0.025316
200 0.025364
200 0.025314
200 0.025849
200 0.025287
200 0.025501
200 0.025814
200 0.026385
200 0.025029
200 0.025293
200 0.025657
200 0.025824
200 0.025600
200 0.025452
200 0.025856
200 0.025473
200 0.025400
200 0.025708
200 0.025033
200 0.026050
200 0.025401
200 0.025643
200 0.025697
200 0.026004
200 0.025506
200 0.025482
200 0.025525
200 0.025541
200 0.025458
200 0.025491
200 0.025699
200 0.025506
200 0.025158
200 0.025359
200 0.025417
200 0.025719
200 0.025417
200 0.025566
200 0.025716
200 0.025955
200 0.025510
200 0.025999
200 0.026262
200 0.027808
200 0.025385
200 0.025690
200 0.025611
200 0.025609
200 0.025531
200 0.025694
200 0.025496
200 0.026703
200 0.025156
200 0.025073
200 0.025544
200 0.026888
200 0.025030
200 0.025540
200 0.025579
200 0.025722
200 0.025410
200 0.025439
200 0.025484
200 0.025659
200 0.025091
200 0.025323
200 0.025599
200 0.025498
200 0.025126
200 0.025204
200 0.025509
200 0.025717
200 0.025364
200 0.025266
200 0.025453
200 0.025750
200 0.025208
200 0.025191
200 0.025934
200 0.025970
200 0.025765
200 0.025495
200 0.025768
200 0.025822
200 0.025303
200 0.025583
200 0.025718
200 0.025383
200 0.025231
200 0.025477
200 0.025918
200 0.027076
200 0.025181
200 0.025404
200 0.025578
200 0.026338
200 0.024981
200 0.025403
200 0.025445
200 0.025480
200 0.025151
200 0.025637
200 0.025695
200 0.025379
200 0.025667
200 0.025663
200 0.025550
200 0.025818
200 0.025115
200 0.025645
200 0.025373
200 0.026347
200 0.025086
200 0.024980
200 0.025670
200 0.025783
200 0.025282
200 0.025589
200 0.026040
200 0.026344
200 0.025067
200 0.025578
200 0.026195
200 0.025505
200 0.025303
200 0.025408
200 0.025238
200 0.025735
200 0.024955
200 0.025845
200 0.025993
200 0.027229
200 0.025310
200 0.025350
200 0.025427
200 0.025872
200 0.025465
200 0.025971
200 0.026757
200 0.025566
200 0.025325
200 0.025661
200 0.025755
200 0.026577
200 0.025222
200 0.025587
200 0.026055
200 0.025524
200 0.025443
200 0.025583
200 0.025614
200 0.025720
200 0.025116
200 0.024954
200 0.025403
200 0.025553
200 0.025231
200 0.025567
200 0.025727
200 0.026427
200 0.025848
200 0.025847
200 0.025710
200 0.025137
200 0.025540
200 0.025569
200 0.025585
200 0.025525
200 0.025232
200 0.025519
200 0.025106
200 0.025603
200 0.025279
200 0.025322
200 0.026093
200 0.026156
200 0.025175
200 0.025121
200 0.025577
200 0.026069
200 0.025583
200 0.025602
200 0.025320
200 0.025815
200 0.025408
200 0.025654
200 0.026020
200 0.025670
200 0.025623
200 0.025808
200 0.025983
200 0.026284
200 0.026165
200 0.026169
200 0.026333
200 0.026834
200 0.025482
200 0.025480
200 0.025602
200 0.025832
200 0.025740
200 0.025736
200 0.025824
200 0.025591
200 0.025402
200 0.025385
200 0.025577
200 0.025648
200 0.025348
200 0.025417
200 0.025566
200 0.026790
200 0.025435
200 0.025457
200 0.025475
200 0.025633
200 0.025437
200 0.025592
200 0.025594
200 0.025684
200 0.025406
200 0.025479
200 0.025568
200 0.025467
200 0.025465
200 0.025504
200 0.025465
200 0.025312
200 0.025651
200 0.025660
200 0.025752
200 0.025344
200 0.025152
200 0.025584
200 0.025633
200 0.025650
200 0.025581
200 0.025620
200 0.025612
200 0.025669
200 0.025142
200 0.025650
200 0.025679
200 0.026139
200 0.025120
200 0.025934
200 0.025581
200 0.026571
200 0.025198
200 0.025107
200 0.025168
200 0.025483
200 0.025186
200 0.025293
200 0.025756
200 0.025670
200 0.025411
200 0.025589
200 0.025377
200 0.026026
200 0.025339
200 0.025453
200 0.025198
200 0.025727
200 0.025231
200 0.025953
200 0.025656
200 0.026394
200 0.025632
200 0.025768
200 0.026364
200 0.026807
200 0.025654
200 0.025684
200 0.025885
200 0.025711
200 0.025304
200 0.025293
200 0.025498
200 0.025504
200 0.025182
200 0.025363
200 0.025500
200 0.026724
200 0.025635
200 0.025687
200 0.025679
200 0.025147
200 0.025266
200 0.025576
200 0.025329
200 0.025858
200 0.025533
200 0.025323
200 0.025751
200 0.026576
200 0.025211
200 0.025518
200 0.025643
200 0.025574
