200 0.024944
200 0.024837
200 0.024961
200 0.025416
200 0.024528
200 0.024764
200 0.024529
200 0.024950
200 0.024752
200 0.025968
200 0.024386
200 0.024933
200 0.024806
200 0.025806
200 0.024686
200 0.024172
200 0.025117
200 0.025190
200 0.024430
200 0.024991
200 0.024767
200 0.024784
200 0.024653
200 0.024683
200 0.024773
200 0.024976
200 0.024784
200 0.025372
200 0.024964
200 0.025147
200 0.024279
200 0.024715
200 0.024901
200 0.024662
200 0.024308
200 0.024840
200 0.024882
200 0.024646
200 0.024761
200 0.024809
200 0.024911
200 0.025260
200 0.024659
200 0.025724
200 0.024731
200 0.024758
200 0.024074
200 0.024680
200 0.024565
200 0.025349
200 0.024743
200 0.024784
200 0.024848
200 0.024834
200 0.024561
200 0.024563
200 0.024982
200 0.025161
200 0.024952
200 0.025039
200 0.024831
200 0.024696
200 0.024783
200 0.024919
200 0.024595
200 0.024906
200 0.024924
200 0.025134
200 0.024927
200 0.025337
200 0.025126
200 0.025174
200 0.024480
200 0.025066
200 0.024954
200 0.024952
200 0.024755
200 0.024743
200 0.024724
200 0.024793
200 0.024456
200 0.024471
200 0.024433
200 0.024432
200 0.024473
200 0.024950
200 0.024336
200 0.024606
200 0.024763
200 0.024613
200 0.024806
200 0.025148
200 0.024667
200 0.024817
200 0.024491
200 0.024755
200 0.024526
200 0.024683
200 0.025068
200 0.026456
200 0.024795
200 0.024829
200 0.024248
200 0.024931
200 0.024805
200 0.024792
200 0.024496
200 0.024928
200 0.024350
200 0.024925
200 0.025055
200 0.025080
200 0.024755
200 0.024817
200 0.024269
200 0.025048
200 0.024369
200 0.025715
200 0.024533
200 0.024691
200 0.024822
200 0.024626
200 0.024651
200 0.024895
200 0.024283
200 0.024548
200 0.024340
200 0.024619
200 0.024750
200 0.024749
200 0.024875
200 0.025503
200 0.024708
200 0.025486
200 0.024482
200 0.024504
200 0.025112
200 0.025307
200 0.024907
200 0.025318
200 0.025185
200 0.026850
200 0.024963
200 0.024437
200 0.024478
200 0.024955
200 0.024245
200 0.024508
200 0.025038
200 0.024925
200 0.024555
200 0.024555
200 0.025060
200 0.025129
200 0.024863
200 0.025689
200 0.025013
200 0.025771
200 0.025097
200 0.024930
200 0.024577
200 0.024596
200 0.024626
200 0.024688
200 0.024224
200 0.024588
200 0.024472
200 0.024410
200 0.024885
200 0.024976
200 0.024658
200 0.024760
200 0.025068
200 0.025132
200 0.024762
200 0.024748
200 0.024829
200 0.024733
200 0.024814
200 0.024925
200 0.024865
200 0.025010
200 0.024717
200 0.024999
200 0.024493
200 0.024855
200 0.024603
200 0.025529
200 0.025321
200 0.024937
200 0.024640
200 0.024777
200 0.025034
200 0.025428
200 0.025111
200 0.025066
200 0.025406
200 0.025787
200 0.025132
200 0.025106
200 0.025090
200 0.025800
200 0.024720
200 0.024834
200 0.024487
200 0.024912
200 0.024583
200 0.024581
200 0.024315
200 0.024674
200 0.024885
200 0.024914
200 0.024498
200 0.024660
200 0.024836
200 0.024845
200 0.024743
200 0.024862
200 0.024310
200 0.024774
200 0.024263
200 0.024889
200 0.024385
200 0.024676
200 0.024865
200 0.025562
200 0.024804
200 0.025244
200 0.024714
200 0.025472
200 0.024986
200 0.025735
200 0.024767
200 0.024866
200 0.024676
200 0.024795
200 0.024764
200 0.025813
200 0.024574
200 0.024802
200 0.024843
200 0.025422
200 0.024371
200 0.024714
200 0.024685
200 0.025116
200 0.024389
200 0.024737
200 0.024751
200 0.025573
200 0.024585
200 0.024750
200 0.024903
200 0.025210
200 0.025040
200 0.025005
200 0.024552
200 0.024932
200 0.024243
200 0.024715
200 0.024984
200 0.024984
200 0.024697
200 0.024921
200 0.024223
200 0.024585
200 0.024747
200 0.024978
200 0.024783
200 0.024823
200 0.024405
200 0.024783
200 0.024961
200 0.024918
200 0.024538
200 0.024546
200 0.025106
200 0.025510
200 0.024397
200 0.024381
200 0.024397
200 0.024799
200 0.024590
200 0.024889
200 0.024473
200 0.024739
200 0.024518
200 0.024659
200 0.025381
200 0.026034
200 0.025018
200 0.025551
200 0.025203
200 0.025031
200 0.024480
200 0.025380
200 0.024300
200 0.024671
200 0.024545
200 0.024694
200 0.025078
200 0.025465
200 0.024583
200 0.024975
200 0.024986
200 0.025155
200 0.024856
200 0.024831
200 0.024784
200 0.025967
200 0.024723
200 0.024546
200 0.024772
200 0.024438
200 0.025359
200 0.025463
200 0.024978
200 0.024988
200 0.024384
200 0.024491
200 0.024715
200 0.024756
200 0.024463
200 0.024460
200 0.024889
200 0.025346
200 0.024324
200 0.024650
200 0.024901
200 0.024923
200 0.024907
200 0.024788
200 0.024719
200 0.024742
200 0.024823
200 0.024688
200 0.024920
200 0.024918
200 0.024619
200 0.025003
200 0.024401
200 0.026070
200 0.024548
200 0.024370
200 0.024698
200 0.025098
200 0.024197
200 0.024863
200 0.024894
200 0.025635
200 0.024347
200 0.024897
200 0.024855
200 0.026296
200 0.024643
200 0.024340
200 0.025221
200 0.025363
200 0.025057
200 0.026056
200 0.025424
200 0.025121
200 0.024981
200 0.025588
200 0.024489
200 0.025759
200 0.024866
200 0.024713
200 0.024651
200 0.025476
200 0.024851
200 0.026209
200 0.025133
200 0.025235
200 0.024532
200 0.025168
200 0.024511
200 0.024927
200 0.024497
200 0.024965
200 0.024414
200 0.025209
200 0.024641
200 0.024822
200 0.024864
200 0.024822
200 0.024813
200 0.025336
200 0.025183
200 0.025767
200 0.024750
200 0.024749
200 0.024466
200 0.025119
200 0.025194
200 0.025833
200 0.024717
200 0.024719
200 0.024491
200 0.024865
200 0.024671
200 0.024730
200 0.024677
200 0.024572
200 0.024823
200 0.024842
200 0.024796
200 0.024887
200 0.024298
200 0.024420
200 0.025161
200 0.025248
200 0.024599
200 0.024744
200 0.024785
200 0.025007
200 0.024954
200 0.024965
200 0.025172
200 0.025243
200 0.025131
200 0.025254
200 0.025577
200 0.026243
200 0.024674
200 0.025961
200 0.025162
200 0.026374
200 0.025034
200 0.024882
200 0.024726
200 0.024806
200 0.024529
200 0.024837
200 0.024779
200 0.025334
200 0.024969
200 0.027258
200 0.025413
200 0.024630
200 0.024667
200 0.025437
200 0.024638
200 0.024891
200 0.025100
200 0.026057
200 0.024377
200 0.024680
200 0.024670
200 0.024859
200 0.024651
200 0.024684
200 0.024887
200 0.024740
200 0.024690
200 0.025292
200 0.024937
200 0.026284
200 0.024500
200 0.024519
200 0.024235
200 0.024680
200 0.024621
200 0.024310
200 0.024893
200 0.024821
200 0.024702
200 0.024959
200 0.024302
200 0.025245
200 0.024647
200 0.024947
200 0.024971
200 0.025082
200 0.024721
200 0.024801
200 0.024528
200 0.024396
200 0.024855
200 0.024876
200 0.024994
200 0.025040
200 0.024233
200 0.024800
200 0.025178
200 0.025916
200 0.025096
200 0.024960
200 0.025094
200 0.026193
200 0.024976
200 0.025365
200 0.024605
200 0.024605
200 0.024124
200 0.024389
200 0.024711
200 0.025379
200 0.024839
200 0.024766
200 0.024782
200 0.025295
200 0.025245
200 0.025595
200 0.024578
200 0.024922
200 0.024826
200 0.024718
200 0.024989
200 0.024971
200 0.024312
200 0.024486
200 0.025250
200 0.025321
200 0.024741
200 0.024826
200 0.024952
200 0.025155
200 0.025149
200 0.024947
200 0.025180
200 0.024701
200 0.024781
200 0.025387
200 0.024784
200 0.024785
200 0.024616
200 0.024670
200 0.024639
200 0.024636
200 0.024627
200 0.025179
200 0.025230
200 0.024898
200 0.024737
200 0.025121
200 0.024825
200 0.024948
200 0.024425
200 0.025483
200 0.024660
200 0.024609
200 0.024494
200 0.024784
200 0.024755
200 0.024610
200 0.025097
200 0.025718
200 0.025134
200 0.025233
200 0.025835
200 0.026539
200 0.024702
200 0.025798
200 0.024581
200 0.024581
200 0.024567
200 0.024995
200 0.024472
200 0.024802
200 0.024812
200 0.024863
200 0.024703
200 0.024754
200 0.024571
200 0.024762
200 0.024851
200 0.025585
200 0.024694
200 0.025521
200 0.025637
200 0.025473
200 0.025677
200 0.025683
200 0.025091
200 0.026106
200 0.025284
200 0.026803
200 0.025553
200 0.025320
200 0.024952
200 0.025459
200 0.025074
200 0.025346
200 0.024928
200 0.025557
200 0.025530
200 0.025501
200 0.025284
200 0.025375
200 0.025009
200 0.025016
200 0.024632
200 0.024532
200 0.024979
200 0.024970
200 0.025086
200 0.025580
200 0.024863
200 0.025833
200 0.024691
200 0.025118
200 0.025204
200 0.025194
200 0.024386
200 0.025056
200 0.024512
200 0.024522
200 0.024472
200 0.024785
200 0.024457
200 0.024478
200 0.025168
200 0.025721
200 0.025182
200 0.025258
200 0.024585
200 0.024760
200 0.025460
200 0.025394
200 0.024927
200 0.025057
200 0.024565
200 0.025868
200 0.025335
200 0.026016
200 0.024958
200 0.025084
200 0.024977
200 0.025193
200 0.024886
200 0.024935
200 0.024720
200 0.024718
200 0.024662
200 0.024804
200 0.024993
200 0.026230
200 0.024970
200 0.025065
200 0.024638
200 0.025234
200 0.024679
200 0.024434
200 0.024532
200 0.024526
200 0.024833
200 0.024797
200 0.024616
200 0.024619
200 0.024999
200 0.025133
200 0.024752
200 0.024738
200 0.025348
200 0.025792
200 0.024896
200 0.025352
200 0.025173
200 0.025266
200 0.024652
200 0.024682
200 0.024841
200 0.024845
200 0.024590
200 0.024608
200 0.024565
200 0.024563
200 0.024860
200 0.025760
200 0.024739
200 0.024777
200 0.024889
200 0.024890
200 0.025047
200 0.025926
200 0.025176
200 0.026653
200 0.024594
200 0.024111
200 0.024744
200 0.024681
200 0.024691
200 0.024609
200 0.024880
200 0.025768
200 0.024845
200 0.024712
200 0.024454
200 0.024455
200 0.024780
200 0.025006
200 0.024967
200 0.024972
200 0.024146
200 0.024812
200 0.024990
200 0.025437
200 0.025414
200 0.026259
200 0.024829
200 0.026749
200 0.024561
200 0.024269
200 0.024668
200 0.024857
200 0.024697
200 0.024688
200 0.024740
200 0.025265
200 0.024777
200 0.025175
200 0.024359
200 0.024781
200 0.025246
200 0.025421
200 0.025425
200 0.025439
200 0.025088
200 0.026067
200 0.025364
200 0.025578
200 0.024837
200 0.026113
200 0.025075
200 0.024853
200 0.025125
200 0.025321
200 0.024337
200 0.024639
200 0.024504
200 0.024857
200 0.024628
200 0.024755
200 0.024885
200 0.025163
200 0.025021
200 0.025262
200 0.024455
200 0.025139
200 0.024755
200 0.024743
200 0.024498
200 0.024979
200 0.024478
200 0.025663
200 0.025314
200 0.025972
200 0.025005
200 0.025271
200 0.025054
200 0.024931
200 0.024930
200 0.025158
200 0.025099
200 0.025280
200 0.024546
200 0.024931
200 0.025100
200 0.025668
200 0.025806
200 0.025473
200 0.024494
200 0.024989
200 0.025119
200 0.025573
200 0.025471
200 0.025703
200 0.025272
200 0.025238
200 0.024977
200 0.025088
200 0.025168
200 0.026280
200 0.024489
200 0.025110
200 0.024642
200 0.024538
200 0.025018
200 0.025032
200 0.024461
200 0.024468
200 0.025242
200 0.025297
200 0.025064
200 0.026521
200 0.025308
200 0.026543
200 0.024595
200 0.024741
200 0.025220
200 0.026370
200 0.024773
200 0.025312
200 0.025241
200 0.025488
200 0.025698
200 0.027015
200 0.024872
200 0.026129
200 0.025361
200 0.025358
200 0.025028
200 0.025212
200 0.025462
200 0.026404
200 0.025064
200 0.024864
200 0.024999
200 0.024998
200 0.024809
200 0.025223
200 0.025187
200 0.025118
200 0.025220
200 0.025285
200 0.024615
200 0.024779
200 0.024934
200 0.024918
200 0.025042
200 0.025662
200 0.024583
200 0.024563
200 0.025367
200 0.026380
200 0.024731
200 0.024627
200 0.024904
200 0.024971
200 0.025325
200 0.024857
200 0.024949
200 0.024937
200 0.025165
200 0.025217
200 0.025124
200 0.025160
200 0.024995
200 0.025459
200 0.025003
200 0.025050
200 0.025382
200 0.025542
200 0.024414
200 0.024631
200 0.024668
200 0.024616
200 0.024780
200 0.024821
200 0.024962
200 0.024970
200 0.024821
200 0.024949
200 0.024556
200 0.024692
200 0.024834
200 0.024652
200 0.024861
200 0.024852
200 0.025303
200 0.025571
200 0.024631
200 0.024648
200 0.024541
200 0.024670
200 0.025143
200 0.025351
200 0.024803
200 0.024940
200 0.024608
200 0.024592
200 0.024824
200 0.026123
200 0.024611
200 0.025237
200 0.024886
200 0.025658
200 0.024932
200 0.025261
200 0.025617
200 0.026283
200 0.025274
200 0.026176
200 0.025105
200 0.026377
200 0.024814
200 0.025262
200 0.025138
200 0.024826
200 0.025185
200 0.025681
200 0.024862
200 0.024860
200 0.024543
200 0.024691
200 0.024920
200 0.025010
200 0.024614
200 0.025580
200 0.025169
200 0.025168
200 0.024438
200 0.025150
200 0.025026
200 0.025508
200 0.024723
200 0.025938
200 0.024344
200 0.024515
200 0.024625
200 0.024673
200 0.024814
200 0.025254
200 0.024648
200 0.025299
200 0.025285
200 0.025772
200 0.024567
200 0.025692
200 0.024663
200 0.025882
200 0.024647
200 0.025326
200 0.024581
200 0.024574
200 0.025037
200 0.026252
200 0.024938
200 0.025622
200 0.025058
200 0.025127
200 0.025194
200 0.025214
200 0.024683
200 0.026012
200 0.024644
200 0.024759
200 0.024676
200 0.025858
200 0.024992
200 0.024689
200 0.024862
200 0.024547
200 0.024541
200 0.024912
200 0.024834
200 0.025521
200 0.025042
200 0.024199
200 0.024282
200 0.024764
200 0.024199
200 0.024848
200 0.024855
200 0.025207
200 0.025047
200 0.025781
200 0.025421
200 0.025684
200 0.025243
200 0.026354
200 0.024749
200 0.024500
200 0.024956
200 0.025185
200 0.024867
200 0.025350
200 0.025039
200 0.025121
200 0.024792
200 0.025411
200 0.024649
200 0.024666
200 0.025605
200 0.025729
200 0.025148
200 0.025456
200 0.024589
200 0.024364
200 0.024749
200 0.026176
200 0.024261
200 0.025057
200 0.024146
200 0.024694
200 0.024578
200 0.024861
200 0.025068
200 0.025527
200 0.025647
200 0.026458
200 0.024644
200 0.024962
200 0.024546
200 0.024120
200 0.024899
200 0.026382
200 0.024627
200 0.024173
