200 0.027344
200 0.026735
200 0.027551
200 0.026361
200 0.027709
200 0.026562
200 0.026834
200 0.026736
200 0.027501
200 0.026667
200 0.027040
200 0.026970
200 0.030486
200 0.034688
200 0.028160
200 0.032766
200 0.029736
200 0.030078
200 0.028673
200 0.029514
200 0.027236
200 0.027578
200 0.028413
200 0.027464
200 0.032231
200 0.029463
200 0.031866
200 0.026888
200 0.031485
200 0.026990
200 0.040017
200 0.036856
200 0.027062
200 0.027677
200 0.026703
200 0.027130
200 0.029887
200 0.029089
200 0.029643
200 0.028975
200 0.027750
200 0.030288
200 0.027240
200 0.025889
200 0.029779
200 0.038820
200 0.029360
200 0.040318
200 0.026335
200 0.027102
200 0.028461
200 0.029083
200 0.027506
200 0.026629
200 0.027256
200 0.027682
200 0.026863
200 0.027826
200 0.028743
200 0.027071
200 0.028076
200 0.027135
200 0.026596
200 0.026729
200 0.026988
200 0.026931
200 0.031898
200 0.029063
200 0.029190
200 0.027342
200 0.026984
200 0.027911
200 0.029581
200 0.028308
200 0.030207
200 0.027893
200 0.029481
200 0.027153
200 0.032497
200 0.027751
200 0.026807
200 0.026648
200 0.026847
200 0.028358
200 0.027970
200 0.028954
200 0.027885
200 0.029049
200 0.029185
200 0.029100
200 0.040262
200 0.026735
200 0.030998
200 0.035269
200 0.030312
200 0.041792
200 0.026740
200 0.026285
200 0.027555
200 0.029308
200 0.028732
200 0.031023
200 0.030387
200 0.028061
200 0.027607
200 0.031754
200 0.031403
200 0.038743
200 0.038425
200 0.043696
200 0.045398
200 0.032159
200 0.028702
200 0.026865
200 0.027396
200 0.026872
200 0.027911
200 0.027573
200 0.026972
200 0.026643
200 0.027562
200 0.031717
200 0.027231
200 0.029471
200 0.027492
200 0.027619
200 0.027222
200 0.026969
200 0.040696
200 0.030133
200 0.027365
200 0.027277
200 0.027025
200 0.030774
200 0.027491
200 0.032458
200 0.028368
200 0.028554
200 0.027441
200 0.027128
200 0.026767
200 0.027417
200 0.027297
200 0.028621
200 0.027517
200 0.030526
200 0.027265
200 0.028793
200 0.026926
200 0.027503
200 0.030693
200 0.027049
200 0.027209
200 0.035422
200 0.030104
200 0.029436
200 0.026824
200 0.027671
200 0.027708
200 0.028209
200 0.030533
200 0.028602
200 0.028613
200 0.027329
200 0.027263
200 0.029868
200 0.026978
200 0.032040
200 0.027141
200 0.028764
200 0.027718
200 0.027861
200 0.027182
200 0.026804
200 0.028372
200 0.031882
200 0.030228
200 0.027543
200 0.029587
200 0.028709
200 0.027661
200 0.028479
200 0.028906
200 0.028730
200 0.028319
200 0.027209
200 0.027144
200 0.027639
200 0.030096
200 0.032164
200 0.038039
200 0.030404
200 0.027222
200 0.027226
200 0.027802
200 0.027158
200 0.026764
200 0.027224
200 0.033079
200 0.031005
200 0.027209
200 0.028269
200 0.031651
200 0.026947
200 0.027093
200 0.040238
200 0.028175
200 0.038341
200 0.028935
200 0.028619
200 0.027179
200 0.027056
200 0.026473
200 0.030966
200 0.030227
200 0.029191
200 0.044765
200 0.028758
200 0.027047
200 0.026220
200 0.026981
200 0.044454
200 0.029200
200 0.044485
200 0.027372
200 0.035216
200 0.026944
200 0.026376
200 0.046297
200 0.029636
200 0.029864
200 0.027807
200 0.026446
200 0.027100
200 0.031422
200 0.034879
200 0.029785
200 0.033145
200 0.027100
200 0.026716
200 0.027058
200 0.029542
200 0.034796
200 0.028950
200 0.026353
200 0.029615
200 0.048238
200 0.026621
200 0.027517
200 0.028422
200 0.026802
200 0.027655
200 0.027628
200 0.045941
200 0.035652
200 0.027066
200 0.031795
200 0.029994
200 0.030492
200 0.030157
200 0.030476
200 0.026863
200 0.032718
200 0.027580
200 0.027350
200 0.027059
200 0.030792
200 0.028031
200 0.027258
200 0.027710
200 0.026723
200 0.027127
200 0.039462
200 0.044556
200 0.029427
200 0.027129
200 0.029904
200 0.032566
200 0.029081
200 0.028371
200 0.028243
200 0.026898
200 0.028180
200 0.028715
200 0.035718
200 0.028674
200 0.027208
200 0.028331
200 0.026160
200 0.036493
200 0.047114
200 0.028666
200 0.027761
200 0.028355
200 0.029465
200 0.035160
200 0.028069
200 0.029216
200 0.028051
200 0.032594
200 0.026282
200 0.028628
200 0.027620
200 0.028216
200 0.028113
200 0.027215
200 0.028015
200 0.028133
200 0.027413
200 0.028508
200 0.029474
200 0.027682
200 0.027698
200 0.029161
200 0.026496
200 0.027492
200 0.028575
200 0.033671
200 0.028681
200 0.028537
200 0.028599
200 0.027762
200 0.030191
200 0.033210
200 0.027939
200 0.027189
200 0.029313
200 0.029840
200 0.027460
200 0.027274
200 0.031053
200 0.027642
200 0.030616
200 0.028563
200 0.030625
200 0.027085
200 0.028297
200 0.027421
200 0.027821
200 0.029905
200 0.028801
200 0.027649
200 0.030283
200 0.029735
200 0.028129
200 0.031571
200 0.027111
200 0.030063
200 0.028066
200 0.027739
200 0.030307
200 0.029013
200 0.029035
200 0.027617
200 0.027674
200 0.034878
200 0.027276
200 0.028212
200 0.027624
200 0.027856
200 0.027591
200 0.027046
200 0.027199
200 0.030203
200 0.029915
200 0.030259
200 0.027410
200 0.027700
200 0.027530
200 0.030163
200 0.028505
200 0.027469
200 0.027147
200 0.027298
200 0.027249
200 0.027882
200 0.028884
200 0.027201
200 0.027226
200 0.029353
200 0.027223
200 0.027783
200 0.027722
200 0.027647
200 0.027436
200 0.027592
200 0.028648
200 0.028113
200 0.028453
200 0.026755
200 0.027416
200 0.028399
200 0.032683
200 0.047115
200 0.030950
200 0.043045
200 0.027229
200 0.027415
200 0.027432
200 0.029276
200 0.026954
200 0.028273
200 0.028327
200 0.027601
200 0.033822
200 0.028187
200 0.027274
200 0.029578
200 0.030420
200 0.027213
200 0.038230
200 0.027036
200 0.030143
200 0.027377
200 0.029998
200 0.029834
200 0.026990
200 0.037185
200 0.027756
200 0.028065
200 0.027266
200 0.031209
200 0.030962
200 0.027809
200 0.028774
200 0.033644
200 0.028373
200 0.027034
200 0.027450
200 0.029973
200 0.027995
200 0.031916
200 0.029282
200 0.027437
200 0.027179
200 0.027798
200 0.031592
200 0.026676
200 0.030974
200 0.027862
200 0.027537
200 0.034849
200 0.027873
200 0.026834
200 0.027701
200 0.038295
200 0.026530
200 0.027788
200 0.027193
200 0.026926
200 0.027008
200 0.036501
200 0.030373
200 0.029050
200 0.030355
200 0.027429
200 0.029062
200 0.029254
200 0.028365
200 0.028889
200 0.026969
200 0.031519
200 0.036205
200 0.027363
200 0.027149
200 0.027688
200 0.027011
200 0.027571
200 0.028499
200 0.029816
200 0.027111
200 0.027646
200 0.026955
200 0.029935
200 0.027772
200 0.028620
200 0.027126
200 0.029994
200 0.027500
200 0.027899
200 0.030470
200 0.027349
200 0.039779
200 0.027349
200 0.027898
200 0.030442
200 0.030600
200 0.050394
200 0.029467
200 0.034529
200 0.027200
200 0.026791
200 0.027398
200 0.029159
200 0.028769
200 0.026070
200 0.027592
200 0.027768
200 0.039368
200 0.032744
200 0.031283
200 0.031564
200 0.027372
200 0.027309
200 0.028176
200 0.027218
200 0.027148
200 0.029565
200 0.027406
200 0.027602
200 0.028688
200 0.027776
200 0.027358
200 0.027304
200 0.030337
200 0.029065
200 0.026507
200 0.031458
200 0.028417
200 0.030105
200 0.026651
200 0.029757
200 0.027448
200 0.031180
200 0.030557
200 0.027249
200 0.027504
200 0.029047
200 0.027449
200 0.033385
200 0.029270
200 0.027436
200 0.035992
200 0.034087
200 0.027652
200 0.026179
200 0.027371
200 0.026978
200 0.033826
200 0.033918
200 0.027569
200 0.031040
200 0.029211
200 0.027117
200 0.027366
200 0.031588
200 0.027794
200 0.032156
200 0.053544
200 0.052356
200 0.027386
200 0.026619
200 0.027797
200 0.027130
200 0.027177
200 0.029087
200 0.029104
200 0.035077
200 0.029223
200 0.027697
200 0.030934
200 0.028416
200 0.027486
200 0.027224
200 0.030786
200 0.028420
200 0.033033
200 0.029817
200 0.027847
200 0.030537
200 0.028028
200 0.029332
200 0.033150
200 0.033269
200 0.027325
200 0.027016
200 0.026273
200 0.031147
200 0.032357
200 0.030107
200 0.027937
200 0.033006
200 0.031318
200 0.030767
200 0.036023
200 0.027267
200 0.027463
200 0.030791
200 0.045989
200 0.028832
200 0.030413
200 0.029515
200 0.028858
200 0.028482
200 0.028382
200 0.028872
200 0.027499
200 0.035275
200 0.029776
200 0.031115
200 0.026509
200 0.027555
200 0.027455
200 0.029453
200 0.027806
200 0.035844
200 0.027333
200 0.027927
200 0.027049
200 0.028554
200 0.027392
200 0.027239
200 0.037330
200 0.027608
200 0.027911
200 0.032312
200 0.031204
200 0.036768
200 0.037605
200 0.028253
200 0.029117
200 0.028213
200 0.028230
200 0.031621
200 0.031199
200 0.035339
200 0.028050
200 0.029092
200 0.027135
200 0.027328
200 0.034009
200 0.029688
200 0.032699
200 0.032302
200 0.026913
200 0.027565
200 0.027350
200 0.030458
200 0.030604
200 0.030980
200 0.030137
200 0.031632
200 0.033609
200 0.027655
200 0.027497
200 0.038610
200 0.040628
200 0.031126
200 0.028951
200 0.027162
200 0.027264
200 0.026723
200 0.035092
200 0.029976
200 0.029063
200 0.029072
200 0.030798
200 0.032800
200 0.028286
200 0.030438
200 0.027796
200 0.033348
200 0.030372
200 0.027785
200 0.030573
200 0.028131
200 0.028080
200 0.030314
200 0.032418
200 0.026846
200 0.026934
200 0.030188
200 0.028694
200 0.033171
200 0.027418
200 0.029542
200 0.027947
200 0.033045
200 0.032793
200 0.032306
200 0.031581
200 0.028823
200 0.027329
200 0.028003
200 0.028107
200 0.028143
200 0.027891
200 0.026978
200 0.034458
200 0.030677
200 0.027242
200 0.029791
200 0.031977
200 0.031508
200 0.030247
200 0.030038
200 0.033313
200 0.030981
200 0.032447
200 0.027475
200 0.027217
200 0.029620
200 0.026863
200 0.028446
200 0.027275
200 0.027978
200 0.028588
200 0.029868
200 0.029547
200 0.027373
200 0.029384
200 0.029132
200 0.028780
200 0.047726
200 0.031795
200 0.027569
200 0.029839
200 0.030000
200 0.049215
200 0.027807
200 0.027574
200 0.028503
200 0.029337
200 0.027334
200 0.027714
200 0.030569
200 0.026579
200 0.028086
200 0.027389
200 0.030077
200 0.027634
200 0.031089
200 0.027397
200 0.030926
200 0.033505
200 0.030232
200 0.027112
200 0.028036
200 0.027589
200 0.032144
200 0.027899
200 0.029014
200 0.032841
200 0.030169
200 0.031213
200 0.030083
200 0.027398
200 0.031231
200 0.026258
200 0.030977
200 0.031027
200 0.027901
200 0.027733
200 0.028401
200 0.031749
200 0.029106
200 0.027505
200 0.027135
200 0.032721
200 0.029720
200 0.029604
200 0.027970
200 0.028609
200 0.027918
200 0.026369
200 0.027333
200 0.030387
200 0.029026
200 0.028454
200 0.026500
200 0.028955
200 0.027890
200 0.032228
200 0.029049
200 0.030515
200 0.027329
200 0.027541
200 0.032298
200 0.030170
200 0.034589
200 0.027702
200 0.029750
200 0.029570
200 0.028763
200 0.033867
200 0.029647
200 0.032071
200 0.026995
200 0.027743
200 0.028180
200 0.027776
200 0.027862
200 0.030909
200 0.031971
200 0.027503
200 0.032106
200 0.027854
200 0.028456
200 0.031928
200 0.029816
200 0.030790
200 0.027198
200 0.027662
200 0.030727
200 0.034503
200 0.029152
200 0.027336
200 0.028863
200 0.031694
200 0.027635
200 0.030114
200 0.028488
200 0.031131
200 0.028870
200 0.029064
200 0.028394
200 0.030468
200 0.036850
200 0.033355
200 0.029331
200 0.034562
200 0.030652
200 0.030530
200 0.030616
200 0.028740
200 0.033953
200 0.029896
200 0.028570
200 0.027227
200 0.033895
200 0.038976
200 0.028531
200 0.028421
200 0.029114
200 0.029254
200 0.033804
200 0.027459
200 0.029780
200 0.027883
200 0.029614
200 0.029855
200 0.027810
200 0.027994
200 0.031878
200 0.040390
200 0.028958
200 0.030997
200 0.030993
200 0.029671
200 0.030997
200 0.027474
200 0.029986
200 0.030015
200 0.028535
200 0.028265
200 0.026879
200 0.028533
200 0.028851
200 0.031388
200 0.042408
200 0.029932
200 0.048652
200 0.027646
200 0.028596
200 0.028409
200 0.028609
200 0.030874
200 0.027504
200 0.031231
200 0.030996
200 0.044163
200 0.027612
200 0.028907
200 0.028198
200 0.027973
200 0.027912
200 0.027874
200 0.026710
200 0.028395
200 0.034623
200 0.027083
200 0.031444
200 0.027974
200 0.034300
200 0.034572
200 0.034195
200 0.027909
200 0.026823
200 0.030329
200 0.029929
200 0.035123
200 0.028732
200 0.026454
200 0.027364
200 0.027599
200 0.027067
200 0.030672
200 0.027432
200 0.031716
200 0.028202
200 0.031164
200 0.027319
200 0.027897
200 0.028457
200 0.029254
200 0.030937
200 0.027287
200 0.032574
200 0.032444
200 0.027344
200 0.027518
200 0.026804
200 0.027122
200 0.031157
200 0.030082
200 0.028241
200 0.031718
200 0.028064
200 0.028229
200 0.030898
200 0.027048
200 0.027693
200 0.029696
200 0.028958
200 0.034841
200 0.042124
200 0.029645
200 0.029187
200 0.029180
200 0.036917
200 0.027005
200 0.030673
200 0.027501
200 0.029094
200 0.028720
200 0.027066
200 0.030876
200 0.028653
200 0.027872
200 0.027776
200 0.028098
200 0.029608
200 0.026717
200 0.033414
200 0.036986
200 0.031895
200 0.034928
200 0.027349
200 0.029932
200 0.029013
200 0.028469
200 0.029333
200 0.028826
200 0.027746
200 0.027999
200 0.032973
200 0.026322
200 0.033126
200 0.028812
200 0.028894
200 0.033690
200 0.029886
200 0.036201
200 0.027362
200 0.027746
200 0.028998
200 0.030048
200 0.032959
200 0.026478
200 0.035942
200 0.040431
200 0.028884
200 0.043058
200 0.028427
200 0.033979
200 0.037848
200 0.027649
200 0.031366
200 0.028700
200 0.026923
200 0.032276
200 0.029673
200 0.030491
200 0.028113
200 0.036897
200 0.029325
200 0.026329
200 0.040447
200 0.033263
200 0.028615
200 0.028064
200 0.032044
200 0.027276
200 0.027685
200 0.027211
200 0.038244
200 0.032960
200 0.037749
200 0.026677
200 0.027160
