200 0.024852
200 0.024613
200 0.025823
200 0.024675
200 0.026033
200 0.025597
200 0.025742
200 0.025269
200 0.025300
200 0.025257
200 0.024886
200 0.025728
200 0.025915
200 0.024854
200 0.025749
200 0.025948
200 0.025161
200 0.025340
200 0.025182
200 0.025327
200 0.026261
200 0.026369
200 0.025331
200 0.025286
200 0.025277
200 0.025287
200 0.025139
200 0.025400
200 0.026377
200 0.025255
200 0.025189
200 0.026281
200 0.025300
200 0.025426
200 0.025172
200 0.025223
200 0.025802
200 0.025746
200 0.025180
200 0.025473
200 0.025340
200 0.025397
200 0.025417
200 0.026468
200 0.025707
200 0.026388
200 0.026471
200 0.026413
200 0.025520
200 0.025561
200 0.025497
200 0.025476
200 0.026620
200 0.026572
200 0.025451
200 0.025396
200 0.025542
200 0.026089
200 0.025558
200 0.026562
200 0.026516
200 0.026453
200 0.026614
200 0.026547
200 0.025694
200 0.025690
200 0.025756
200 0.025845
200 0.025594
200 0.025413
200 0.025809
200 0.025444
200 0.025327
200 0.025438
200 0.025439
200 0.026158
200 0.026070
200 0.025792
200 0.026352
200 0.026362
200 0.025545
200 0.025774
200 0.025346
200 0.026531
200 0.025741
200 0.027263
200 0.026455
200 0.025296
200 0.025384
200 0.025376
200 0.026383
200 0.025141
200 0.026477
200 0.026281
200 0.025415
200 0.026406
200 0.025430
200 0.025147
200 0.026366
200 0.025161
200 0.026492
200 0.025148
200 0.026272
200 0.026213
200 0.025423
200 0.025429
200 0.025298
200 0.025465
200 0.026095
200 0.025766
200 0.025327
200 0.026207
200 0.025560
200 0.025708
200 0.025548
200 0.025669
200 0.025453
200 0.026564
200 0.025513
200 0.026546
200 0.025563
200 0.025555
200 0.025796
200 0.025484
200 0.025831
200 0.025779
200 0.025421
200 0.025670
200 0.025848
200 0.025644
200 0.026220
200 0.025621
200 0.026964
200 0.025617
200 0.026695
200 0.026824
200 0.025691
200 0.025616
200 0.025520
200 0.026922
200 0.026778
200 0.027530
200 0.025639
200 0.026739
200 0.025639
200 0.025758
200 0.025575
200 0.025553
200 0.025483
200 0.025614
200 0.026696
200 0.026702
200 0.025735
200 0.026072
200 0.026412
200 0.025598
200 0.025613
200 0.026805
200 0.026801
200 0.026269
200 0.026316
200 0.026400
200 0.026709
200 0.026683
200 0.026654
200 0.026637
200 0.026078
200 0.025772
200 0.025709
200 0.025683
200 0.025737
200 0.025758
200 0.025539
200 0.025455
200 0.025487
200 0.025472
200 0.025560
200 0.025613
200 0.025613
200 0.025827
200 0.025467
200 0.025514
200 0.026670
200 0.026657
200 0.025774
200 0.025694
200 0.025496
200 0.025464
200 0.026849
200 0.025511
200 0.026520
200 0.026060
200 0.025621
200 0.025674
200 0.025702
200 0.025606
200 0.025582
200 0.025596
200 0.025656
200 0.025773
200 0.025684
200 0.025688
200 0.025716
200 0.025611
200 0.025505
200 0.026157
200 0.026694
200 0.026719
200 0.025628
200 0.025484
200 0.025702
200 0.025705
200 0.025556
200 0.025472
200 0.026646
200 0.026601
200 0.025495
200 0.025611
200 0.025503
200 0.025939
200 0.025563
200 0.025574
200 0.026668
200 0.026626
200 0.025678
200 0.025678
200 0.025534
200 0.025540
200 0.025543
200 0.026588
200 0.025470
200 0.026542
200 0.025438
200 0.025630
200 0.025405
200 0.026520
200 0.026622
200 0.025452
200 0.026588
200 0.026431
200 0.025597
200 0.025598
200 0.025682
200 0.026687
200 0.025567
200 0.026773
200 0.026752
200 0.026623
200 0.025604
200 0.026133
200 0.026524
200 0.026295
200 0.026502
200 0.025713
200 0.026514
200 0.026285
200 0.025637
200 0.025583
200 0.025902
200 0.025401
200 0.025441
200 0.026479
200 0.026460
200 0.025699
200 0.025632
200 0.025663
200 0.025809
200 0.026471
200 0.026682
200 0.026771
200 0.025519
200 0.026481
200 0.025611
200 0.025502
200 0.025699
200 0.025681
200 0.025549
200 0.026631
200 0.026898
200 0.026067
200 0.025758
200 0.025590
200 0.026710
200 0.025626
200 0.027022
200 0.025579
200 0.026757
200 0.026541
200 0.025754
200 0.025757
200 0.025845
200 0.025508
200 0.026892
200 0.026654
200 0.026274
200 0.025978
200 0.025650
200 0.026130
200 0.025517
200 0.026548
200 0.025626
200 0.026849
200 0.026827
200 0.026237
200 0.025756
200 0.025793
200 0.025882
200 0.025559
200 0.026584
200 0.025583
200 0.026592
200 0.026836
200 0.025670
200 0.025440
200 0.025901
200 0.025449
200 0.026739
200 0.025565
200 0.026807
200 0.025478
200 0.025789
200 0.025753
200 0.025672
200 0.025631
200 0.025550
200 0.025570
200 0.025558
200 0.025554
200 0.025623
200 0.025757
200 0.025808
200 0.026835
200 0.026841
200 0.026265
200 0.027277
200 0.027172
200 0.025698
200 0.025729
200 0.026252
200 0.026656
200 0.025610
200 0.026363
200 0.025599
200 0.025866
200 0.025705
200 0.025702
200 0.025717
200 0.026725
200 0.026708
200 0.026844
200 0.025964
200 0.026740
200 0.025616
200 0.025631
200 0.025834
200 0.025579
200 0.026786
200 0.025515
200 0.026777
200 0.025936
200 0.025635
200 0.025635
200 0.025623
200 0.025725
200 0.026114
200 0.025589
200 0.025751
200 0.026092
200 0.025708
200 0.025766
200 0.025779
200 0.025647
200 0.025961
200 0.026678
200 0.026869
200 0.026169
200 0.025587
200 0.025560
200 0.025464
200 0.026448
200 0.026574
200 0.025915
200 0.026534
200 0.025978
200 0.025616
200 0.025516
200 0.025608
200 0.025895
200 0.025549
200 0.026300
200 0.025967
200 0.025478
200 0.025699
200 0.025794
200 0.025571
200 0.026744
200 0.025563
200 0.026685
200 0.025973
200 0.025582
200 0.025669
200 0.025715
200 0.025996
200 0.026697
200 0.025974
200 0.025606
200 0.026195
200 0.026734
200 0.025849
200 0.025533
200 0.025494
200 0.025608
200 0.025527
200 0.027169
200 0.027309
200 0.026080
200 0.026082
200 0.026319
200 0.025772
200 0.026630
200 0.026773
200 0.025965
200 0.026742
200 0.026687
200 0.025569
200 0.025762
200 0.026075
200 0.025431
200 0.025448
200 0.026383
200 0.025650
200 0.026159
200 0.025674
200 0.025658
200 0.026075
200 0.025566
200 0.026457
200 0.026413
200 0.026132
200 0.026088
200 0.025608
200 0.025769
200 0.025772
200 0.025567
200 0.026835
200 0.026852
200 0.025531
200 0.025982
200 0.025607
200 0.025661
200 0.025599
200 0.025813
200 0.025553
200 0.026655
200 0.026643
200 0.025603
200 0.025711
200 0.025499
200 0.025613
200 0.025706
200 0.025643
200 0.026759
200 0.026670
200 0.025598
200 0.025463
200 0.025672
200 0.025682
200 0.025518
200 0.026718
200 0.026302
200 0.026161
200 0.026571
200 0.025618
200 0.025623
200 0.025932
200 0.025475
200 0.025659
200 0.026294
200 0.025493
200 0.026427
200 0.025675
200 0.025735
200 0.025716
200 0.025574
200 0.025599
200 0.026649
200 0.025540
200 0.026633
200 0.025707
200 0.025745
200 0.025598
200 0.026118
200 0.026395
200 0.025578
200 0.026024
200 0.025636
200 0.025666
200 0.025571
200 0.025482
200 0.026697
200 0.026836
200 0.025541
200 0.026602
200 0.026683
200 0.025586
200 0.025618
200 0.025720
200 0.026417
200 0.025673
200 0.026261
200 0.025554
200 0.026277
200 0.025728
200 0.025724
200 0.025616
200 0.026668
200 0.026678
200 0.025564
200 0.026148
200 0.025514
200 0.025726
200 0.025726
200 0.025592
200 0.025920
200 0.026480
200 0.025924
200 0.025534
200 0.025548
200 0.025726
200 0.025798
200 0.025719
200 0.025589
200 0.026890
200 0.026792
200 0.025598
200 0.025641
200 0.025590
200 0.025582
200 0.025491
200 0.025875
200 0.026190
200 0.025935
200 0.026611
200 0.026663
200 0.025611
200 0.025758
200 0.025734
200 0.026220
200 0.026649
200 0.026654
200 0.025855
200 0.025698
200 0.025710
200 0.025752
200 0.025473
200 0.026567
200 0.026246
200 0.026631
200 0.026748
200 0.026777
200 0.025656
200 0.025613
200 0.025639
200 0.026382
200 0.026267
200 0.025774
200 0.026450
200 0.025992
200 0.025813
200 0.025780
200 0.025804
200 0.026259
200 0.026739
200 0.026382
200 0.026998
200 0.026498
200 0.025432
200 0.025591
200 0.025537
200 0.025305
200 0.026649
200 0.025830
200 0.025414
200 0.026547
200 0.025538
200 0.025632
200 0.025539
200 0.026128
200 0.026718
200 0.026145
200 0.026603
200 0.026280
200 0.025598
200 0.025565
200 0.025759
200 0.025937
200 0.025466
200 0.025475
200 0.026644
200 0.026773
200 0.025520
200 0.025693
200 0.025693
200 0.026657
200 0.026638
200 0.026596
200 0.026585
200 0.025873
200 0.025551
200 0.025574
200 0.025709
200 0.025444
200 0.025493
200 0.025589
200 0.025419
200 0.025552
200 0.025748
200 0.025830
200 0.025676
200 0.025652
200 0.026891
200 0.026814
200 0.026752
200 0.026839
200 0.025584
200 0.025698
200 0.025699
200 0.025685
200 0.025533
200 0.026474
200 0.026696
200 0.026756
200 0.025670
200 0.025603
200 0.025567
200 0.026399
200 0.026704
200 0.027117
200 0.026711
200 0.025608
200 0.025553
200 0.025664
200 0.025775
200 0.026843
200 0.025515
200 0.025500
200 0.026665
200 0.026712
200 0.025651
200 0.025959
200 0.026750
200 0.025641
200 0.026821
200 0.026725
200 0.026791
200 0.026982
200 0.025795
200 0.025806
200 0.025618
200 0.026888
200 0.025576
200 0.025696
200 0.026747
200 0.026012
200 0.025837
200 0.026442
200 0.025653
200 0.026645
200 0.026021
200 0.026469
200 0.026190
200 0.026690
200 0.025696
200 0.025658
200 0.025597
200 0.026666
200 0.026167
200 0.026398
200 0.025783
200 0.026939
200 0.025498
200 0.025871
200 0.025507
200 0.025963
200 0.025467
200 0.025829
200 0.025449
200 0.026112
200 0.025687
200 0.026719
200 0.026635
200 0.026838
200 0.025492
200 0.026713
200 0.027001
200 0.026795
200 0.025575
200 0.025563
200 0.026688
200 0.025534
200 0.026663
200 0.025473
200 0.026906
200 0.026549
200 0.025594
200 0.026138
200 0.026737
200 0.025649
200 0.025486
200 0.026657
200 0.026782
200 0.026699
200 0.025825
200 0.025720
200 0.025462
200 0.026820
200 0.026918
200 0.026939
200 0.026016
200 0.026667
200 0.025579
200 0.025606
200 0.025745
200 0.025568
200 0.026979
200 0.027030
200 0.025619
200 0.026070
200 0.025524
200 0.025659
200 0.026665
200 0.026687
200 0.026715
200 0.026537
200 0.026543
200 0.026713
200 0.025463
200 0.025491
200 0.025977
200 0.025485
200 0.026068
200 0.025490
200 0.026061
200 0.025517
200 0.025670
200 0.026814
200 0.026926
200 0.027034
200 0.026778
200 0.026578
200 0.026123
200 0.026690
200 0.025504
200 0.025462
200 0.025497
200 0.025606
200 0.025374
200 0.025567
200 0.025474
200 0.025693
200 0.025766
200 0.025861
200 0.026256
200 0.025481
200 0.026882
200 0.026923
200 0.026056
200 0.025562
200 0.025677
200 0.025571
200 0.025531
200 0.026162
200 0.025481
200 0.026667
200 0.026770
200 0.025940
200 0.025631
200 0.025666
200 0.025495
200 0.025785
200 0.026713
200 0.026701
200 0.025587
200 0.025542
200 0.025714
200 0.025618
200 0.025540
200 0.026181
200 0.025542
200 0.025577
200 0.025893
200 0.025934
200 0.025746
200 0.025731
200 0.025642
200 0.025675
200 0.025614
200 0.026740
200 0.025566
200 0.026978
200 0.025658
200 0.025702
200 0.025957
200 0.026693
200 0.026734
200 0.026844
200 0.026817
200 0.026109
200 0.025784
200 0.025684
200 0.025677
200 0.025599
200 0.026774
200 0.026883
200 0.026922
200 0.026617
200 0.025585
200 0.025629
200 0.025514
200 0.025735
200 0.025569
200 0.026736
200 0.025595
200 0.026483
200 0.025592
200 0.025626
200 0.025527
200 0.025612
200 0.026656
200 0.026877
200 0.025783
200 0.025973
200 0.025812
200 0.025848
200 0.025850
200 0.025769
200 0.025700
200 0.025621
200 0.025639
200 0.025765
200 0.025652
200 0.025598
200 0.025548
200 0.025745
200 0.026753
200 0.026893
200 0.026674
200 0.026654
200 0.026521
200 0.026934
200 0.027091
200 0.025748
200 0.025592
200 0.025725
200 0.026849
200 0.026812
200 0.025780
200 0.025795
200 0.025797
200 0.025887
200 0.025589
200 0.025643
200 0.026769
200 0.027088
200 0.025618
200 0.025780
200 0.025818
200 0.025583
200 0.026788
200 0.026710
200 0.025554
200 0.026118
200 0.025583
200 0.025561
200 0.025979
200 0.025504
200 0.026384
200 0.026609
200 0.026663
200 0.026844
200 0.025623
200 0.025635
200 0.025775
200 0.025477
200 0.025494
200 0.025618
200 0.025931
200 0.025618
200 0.025630
200 0.025622
200 0.025514
200 0.025498
200 0.025590
200 0.026810
200 0.025677
200 0.026666
200 0.025745
200 0.025555
200 0.025796
200 0.025519
200 0.025578
200 0.026802
200 0.025530
200 0.026671
200 0.025672
200 0.026290
200 0.026780
200 0.027064
200 0.027098
200 0.026369
200 0.026742
200 0.026681
200 0.025653
200 0.025745
200 0.025553
200 0.026158
200 0.026470
200 0.026210
200 0.026758
200 0.026690
200 0.025723
200 0.025705
200 0.025925
200 0.025698
200 0.026754
200 0.025739
200 0.026323
200 0.026713
200 0.025683
200 0.025592
200 0.025787
200 0.025511
200 0.025610
200 0.025623
200 0.026632
200 0.026699
200 0.025675
200 0.025677
200 0.025699
200 0.025600
200 0.025573
200 0.025501
200 0.025504
200 0.026203
200 0.025719
200 0.025688
200 0.025703
200 0.025565
200 0.025580
200 0.025521
200 0.026739
200 0.026683
200 0.025637
200 0.025616
200 0.025606
200 0.025517
200 0.026792
200 0.026799
200 0.026739
200 0.026961
200 0.025771
200 0.025760
200 0.025492
200 0.025625
200 0.025513
200 0.026694
200 0.026642
200 0.025581
200 0.025609
200 0.025616
200 0.025584
200 0.025500
200 0.026787
200 0.026952
200 0.025528
200 0.025567
200 0.025660
200 0.025646
200 0.025479
200 0.026846
200 0.026680
200 0.025610
200 0.025556
200 0.025543
200 0.025614
200 0.025781
200 0.025870
200 0.025673
200 0.025625
200 0.025547
200 0.026921
200 0.027021
200 0.025580
200 0.025553
200 0.025496
200 0.025495
200 0.026769
200 0.025550
200 0.026390
200 0.026575
