200 0.843813
200 0.923608
200 0.668328
200 0.665510
200 0.728787
200 0.730079
200 0.698825
200 0.778851
200 0.705408
200 0.783186
200 0.719962
200 0.736648
200 0.672898
200 0.674326
200 0.879915
200 0.905184
200 0.877744
200 0.938092
200 0.864531
200 0.922745
200 0.709724
200 0.809440
200 0.838836
200 0.715978
200 0.817274
200 0.919274
200 0.960263
200 0.901083
200 0.782777
200 0.768677
200 0.730506
200 0.644092
200 0.719499
200 0.806804
200 0.833664
200 0.744913
200 0.688408
200 0.931820
200 0.822667
200 0.815760
200 0.724699
200 0.883476
200 0.727116
200 0.883574
200 0.951066
200 0.952724
200 0.730652
200 0.753221
200 0.717365
200 0.693620
200 0.784794
200 0.986879
200 0.773344
200 0.819423
200 1.016951
200 0.929635
200 0.726510
200 0.795845
200 0.852595
200 0.790550
200 0.730518
200 0.734140
200 0.649339
200 0.652820
200 0.793762
200 0.718939
200 0.689137
200 0.928674
200 0.869900
200 0.979271
200 0.747309
200 0.731596
200 0.800259
200 0.734017
200 0.838463
200 0.743765
200 0.768998
200 0.722497
200 0.717107
200 0.780519
200 0.710097
200 0.722207
200 0.795235
200 0.665208
200 0.804081
200 0.721081
200 0.669444
200 0.697818
200 0.673240
200 0.971216
200 0.679443
200 0.824676
200 0.724987
200 0.724445
200 0.909608
200 0.750466
200 0.801957
200 0.716494
200 0.977678
200 0.926442
200 0.761750
200 0.678516
200 0.674443
200 0.734400
200 0.732213
200 0.662995
200 0.635531
200 0.810466
200 0.662962
200 0.700019
200 0.901780
200 0.880911
200 0.682719
200 0.744039
200 0.820473
200 0.648146
200 0.796012
200 0.834666
200 0.770711
200 0.906144
