200 0.026518
200 0.026894
200 0.027208
200 0.031469
200 0.033240
200 0.030230
200 0.029871
200 0.032368
200 0.029810
200 0.036477
200 0.041144
200 0.039972
200 0.039824
200 0.047547
200 0.047607
200 0.052068
200 0.049410
200 0.048650
200 0.046525
200 0.054934
200 0.056149
200 0.052010
200 0.057523
200 0.052981
200 0.049788
200 0.050956
200 0.056841
200 0.075200
200 0.077389
200 0.055874
200 0.056899
200 0.063351
200 0.057496
200 0.055430
200 0.064819
200 0.052543
200 0.056586
200 0.056933
200 0.055687
200 0.054011
200 0.061352
200 0.058440
200 0.059987
200 0.056563
200 0.063315
200 0.066547
200 0.054129
200 0.054131
200 0.066015
200 0.060319
200 0.058183
200 0.069541
200 0.052752
200 0.059244
200 0.059605
200 0.056322
200 0.069190
200 0.058973
200 0.061063
200 0.060627
200 0.056528
200 0.057858
200 0.066246
200 0.051874
200 0.059818
200 0.061649
200 0.046596
200 0.075196
200 0.047468
200 0.052686
200 0.059586
200 0.054156
200 0.055472
200 0.052698
200 0.049363
200 0.049850
200 0.050359
200 0.051522
200 0.050361
200 0.053614
200 0.051695
200 0.045459
200 0.060360
200 0.047525
200 0.047996
200 0.054420
200 0.037660
200 0.047801
200 0.052263
200 0.049642
200 0.029689
200 0.039107
200 0.036299
200 0.033847
200 0.046287
200 0.041568
200 0.037963
200 0.047407
200 0.051748
200 0.042739
200 0.043537
200 0.056059
200 0.041557
200 0.033716
200 0.037985
200 0.042271
200 0.037118
200 0.051446
200 0.050476
200 0.069297
200 0.046657
200 0.047763
200 0.048780
200 0.052226
200 0.055825
200 0.043195
200 0.043920
200 0.041793
200 0.055752
200 0.040281
200 0.055233
200 0.044998
200 0.044027
200 0.055398
200 0.047388
200 0.048386
200 0.047276
200 0.070402
200 0.046596
200 0.049949
200 0.040326
200 0.051128
200 0.046043
200 0.040327
200 0.051508
200 0.040277
200 0.040929
200 0.067394
200 0.051534
200 0.051989
200 0.035990
200 0.039031
200 0.054313
200 0.033757
200 0.043405
200 0.034744
200 0.031518
200 0.060439
200 0.035178
200 0.037711
200 0.036161
200 0.033449
200 0.068900
200 0.039291
200 0.040015
200 0.038159
200 0.041858
200 0.046434
200 0.035375
200 0.039864
200 0.038062
200 0.042818
200 0.055826
200 0.047869
200 0.053633
200 0.050229
200 0.053892
200 0.052451
200 0.048279
200 0.060840
200 0.043448
200 0.055140
200 0.059033
200 0.055665
200 0.050799
200 0.051740
200 0.047354
200 0.049997
200 0.060461
200 0.056145
200 0.055197
200 0.055885
200 0.053997
200 0.053554
200 0.056544
200 0.060303
200 0.065276
200 0.057382
200 0.058833
200 0.058230
200 0.056924
200 0.060617
200 0.071214
200 0.060256
200 0.054962
200 0.063701
200 0.057912
200 0.061387
200 0.069001
200 0.056077
200 0.058278
200 0.056078
200 0.051219
200 0.056417
200 0.061194
200 0.060497
200 0.070247
200 0.051345
200 0.051381
200 0.056847
200 0.051248
200 0.066643
200 0.047285
200 0.059666
200 0.052955
200 0.046201
200 0.048017
200 0.039292
200 0.063461
200 0.041284
200 0.053626
200 0.051160
200 0.059812
200 0.040199
200 0.046499
200 0.039980
200 0.051556
200 0.038102
200 0.046041
200 0.043301
200 0.043954
200 0.063646
200 0.040740
200 0.041131
200 0.044741
200 0.048566
200 0.047816
200 0.044627
200 0.037861
200 0.036225
200 0.036085
200 0.032689
200 0.038972
200 0.033663
200 0.027912
200 0.054474
200 0.026873
200 0.051588
200 0.030079
200 0.045254
200 0.033582
200 0.042278
200 0.034879
200 0.032238
200 0.038908
200 0.029284
200 0.029591
200 0.031433
200 0.030098
200 0.036080
200 0.027721
200 0.027386
200 0.031254
200 0.027526
200 0.027851
200 0.028510
200 0.027150
200 0.027384
200 0.032542
200 0.032109
200 0.028531
200 0.034847
200 0.029060
200 0.028663
200 0.028618
200 0.028794
200 0.027578
200 0.044781
200 0.043754
200 0.030008
200 0.034333
200 0.035732
200 0.035383
200 0.028630
200 0.038593
200 0.031656
200 0.034399
200 0.036514
200 0.032477
200 0.033867
200 0.036406
200 0.027173
200 0.029291
200 0.038952
200 0.031831
200 0.029042
200 0.040179
200 0.029841
200 0.050932
200 0.031810
200 0.034009
200 0.030631
200 0.032488
200 0.040699
200 0.032900
200 0.035251
200 0.037387
200 0.041572
200 0.042729
200 0.042025
200 0.042245
200 0.048249
200 0.054166
200 0.049224
200 0.052345
200 0.047065
200 0.046263
200 0.053849
200 0.045515
200 0.042289
200 0.039585
200 0.055202
200 0.044745
200 0.045484
200 0.037766
200 0.056043
200 0.049106
200 0.047210
200 0.047865
200 0.045845
200 0.046169
200 0.035222
200 0.046129
200 0.044419
200 0.040668
200 0.050787
200 0.039485
200 0.034069
200 0.043650
200 0.042281
200 0.046634
200 0.037245
200 0.044238
200 0.039331
200 0.038626
200 0.039314
200 0.046549
200 0.040024
200 0.040381
200 0.038492
200 0.039279
200 0.047158
200 0.043817
200 0.047648
200 0.036447
200 0.047086
200 0.050387
200 0.033192
200 0.048330
200 0.039949
200 0.030738
200 0.047685
200 0.033664
200 0.038296
200 0.040910
200 0.036293
200 0.036180
200 0.039897
200 0.035752
200 0.040207
200 0.038288
200 0.045272
200 0.033945
200 0.033631
200 0.041146
200 0.040072
200 0.045477
200 0.036450
200 0.027638
200 0.036131
200 0.034623
200 0.032330
200 0.033408
200 0.036278
200 0.029376
200 0.029533
200 0.035569
200 0.029461
200 0.034951
200 0.030821
200 0.036207
200 0.043203
200 0.036376
200 0.038389
200 0.037513
200 0.050921
200 0.038995
200 0.038814
200 0.038339
200 0.035950
200 0.032360
200 0.033956
200 0.050325
200 0.033103
200 0.058846
200 0.060182
200 0.039850
200 0.042625
200 0.040153
200 0.039661
200 0.037815
200 0.043742
200 0.039742
200 0.034082
200 0.033462
200 0.033055
200 0.036375
200 0.032236
200 0.040604
200 0.065313
200 0.035849
200 0.037852
200 0.046262
200 0.033851
200 0.034074
200 0.035708
200 0.047422
200 0.040463
200 0.046420
200 0.063085
200 0.064245
200 0.043651
200 0.051225
200 0.049963
200 0.043994
200 0.058264
200 0.049534
200 0.045267
200 0.051318
200 0.046049
200 0.046048
200 0.045162
200 0.053110
200 0.044485
200 0.046726
200 0.047138
200 0.046976
200 0.047766
200 0.052241
200 0.047691
200 0.044421
200 0.060948
200 0.042038
200 0.047010
200 0.056251
200 0.046520
200 0.056124
200 0.044955
200 0.074193
200 0.053699
200 0.055517
200 0.054686
200 0.062215
200 0.048025
200 0.046643
200 0.063038
200 0.043186
200 0.051937
200 0.049286
200 0.052410
200 0.051465
200 0.049208
200 0.052967
200 0.048894
200 0.059915
200 0.050960
200 0.051122
200 0.041776
200 0.043476
200 0.048208
200 0.050316
200 0.041379
200 0.065066
200 0.049308
200 0.039604
200 0.061319
200 0.038919
200 0.047542
200 0.052853
200 0.040972
200 0.039228
200 0.039195
200 0.044757
200 0.046160
200 0.051126
200 0.036836
200 0.059223
200 0.049316
200 0.033737
200 0.034960
200 0.044849
200 0.045218
200 0.040433
200 0.041803
200 0.047714
200 0.043462
200 0.042727
200 0.045880
200 0.040876
200 0.045438
200 0.039832
200 0.040850
200 0.049578
200 0.043631
200 0.055275
200 0.040123
200 0.028910
200 0.047438
200 0.067460
200 0.036977
200 0.035460
200 0.031952
200 0.042230
200 0.055992
200 0.044942
200 0.047185
200 0.039735
200 0.044886
200 0.047121
200 0.047313
200 0.038042
200 0.037379
200 0.038790
200 0.038971
200 0.056667
200 0.059316
200 0.045308
200 0.050135
200 0.045259
200 0.048177
200 0.047299
200 0.045926
200 0.060994
200 0.058191
200 0.066118
200 0.059695
200 0.052957
200 0.039664
200 0.057578
200 0.053347
200 0.044321
200 0.047095
200 0.057740
200 0.050450
200 0.050054
200 0.049202
200 0.051319
200 0.057377
200 0.042098
200 0.046230
200 0.050950
200 0.049676
200 0.065605
200 0.051129
200 0.053285
200 0.055586
200 0.055117
200 0.048069
200 0.058348
200 0.051015
200 0.054126
200 0.078540
200 0.067817
200 0.057347
200 0.058315
200 0.056973
200 0.060018
200 0.059982
200 0.062698
200 0.084330
200 0.061115
200 0.064218
200 0.059035
200 0.066752
200 0.065302
200 0.069066
200 0.068691
200 0.052949
200 0.068657
200 0.063522
200 0.059466
200 0.091124
200 0.061377
200 0.061992
200 0.059459
200 0.067629
200 0.062065
200 0.060811
200 0.088221
200 0.093289
200 0.069093
200 0.064989
200 0.073365
200 0.070445
200 0.063551
200 0.089760
200 0.075491
200 0.067654
200 0.073424
200 0.074338
200 0.071449
200 0.078635
200 0.090100
200 0.067720
200 0.078620
200 0.068754
200 0.084122
200 0.081327
200 0.080104
200 0.078225
200 0.070688
200 0.084167
200 0.069024
200 0.077050
200 0.082136
200 0.076559
200 0.082975
200 0.077928
200 0.075319
200 0.075705
200 0.078055
200 0.102045
200 0.087843
200 0.079429
200 0.095836
200 0.077376
200 0.084956
200 0.085025
200 0.093780
200 0.091525
200 0.088432
200 0.108152
200 0.091610
200 0.091329
200 0.088061
200 0.084401
200 0.086036
200 0.087179
200 0.083553
200 0.104746
200 0.097877
200 0.093255
200 0.094269
200 0.091178
200 0.110552
200 0.099706
200 0.096724
200 0.100296
200 0.100977
200 0.097329
200 0.094756
200 0.104225
200 0.110763
200 0.095857
200 0.092331
200 0.108506
200 0.104271
200 0.094049
200 0.091014
200 0.097672
200 0.097021
200 0.093745
200 0.101315
200 0.097648
200 0.107702
200 0.094401
200 0.103147
200 0.106339
200 0.092590
200 0.090237
200 0.108162
200 0.107887
200 0.101771
200 0.094051
200 0.098071
200 0.109951
200 0.095673
200 0.104060
200 0.099262
200 0.094824
200 0.100084
200 0.097024
200 0.103901
200 0.097128
200 0.099983
200 0.095839
200 0.107446
200 0.102123
200 0.105035
200 0.095311
200 0.091158
200 0.090608
200 0.087643
200 0.104296
200 0.109281
200 0.092703
200 0.096545
200 0.092186
200 0.088145
200 0.103577
200 0.106496
200 0.090012
200 0.090975
200 0.090209
200 0.088824
200 0.087517
200 0.105633
200 0.094241
200 0.091880
200 0.095048
200 0.101284
200 0.100857
200 0.096122
200 0.091909
200 0.095605
200 0.094657
200 0.096411
200 0.087202
200 0.093676
200 0.087710
200 0.099243
200 0.093145
200 0.088257
200 0.091765
200 0.083393
200 0.101528
200 0.088887
200 0.088499
200 0.091549
200 0.090982
200 0.089726
200 0.082580
200 0.079665
200 0.118635
200 0.080781
200 0.103545
200 0.082642
200 0.119458
200 0.080924
200 0.079364
200 0.078733
200 0.086424
200 0.091484
200 0.076273
200 0.080763
200 0.078244
200 0.076090
200 0.078525
200 0.063492
200 0.065606
200 0.063530
200 0.066882
200 0.077911
200 0.070694
200 0.074530
200 0.067161
200 0.076726
200 0.073049
200 0.066719
200 0.091644
200 0.069923
200 0.082826
200 0.069536
200 0.066806
200 0.072636
200 0.067275
200 0.094916
200 0.075237
200 0.073337
200 0.070481
200 0.076790
200 0.074699
200 0.073070
200 0.059418
200 0.060470
200 0.059752
200 0.059975
200 0.068480
200 0.063521
200 0.067417
200 0.064927
200 0.071005
200 0.071640
200 0.071753
200 0.072058
200 0.088076
200 0.076408
200 0.076788
200 0.068206
200 0.073230
200 0.078151
200 0.068326
200 0.083425
200 0.080895
200 0.092626
200 0.069908
200 0.070146
200 0.082446
200 0.071916
200 0.068452
200 0.081251
200 0.067278
200 0.069453
200 0.082087
200 0.069968
200 0.076405
200 0.068413
200 0.074805
200 0.069552
200 0.076890
200 0.063386
200 0.077167
200 0.071071
200 0.069695
200 0.064305
200 0.073474
200 0.067965
200 0.069855
200 0.066937
200 0.067544
200 0.088558
200 0.068457
200 0.069188
200 0.065309
200 0.071383
200 0.080295
200 0.068389
200 0.062237
200 0.069251
200 0.064476
200 0.062135
200 0.073918
200 0.065111
200 0.063623
200 0.080655
200 0.065411
200 0.064297
200 0.071661
200 0.064304
200 0.064315
200 0.056639
200 0.064692
200 0.059716
200 0.073127
200 0.057184
200 0.054095
200 0.054722
200 0.056840
200 0.050034
200 0.067464
200 0.056624
200 0.061564
200 0.048488
200 0.060431
200 0.056105
200 0.049070
200 0.043241
200 0.062377
200 0.043469
200 0.055452
200 0.059271
200 0.049771
200 0.043469
200 0.061910
200 0.051034
200 0.051342
200 0.054420
200 0.052920
200 0.045500
200 0.036388
200 0.036410
200 0.064098
200 0.051864
200 0.043694
200 0.049999
200 0.059960
200 0.037463
200 0.065661
200 0.057340
200 0.048188
200 0.050604
200 0.042256
200 0.041249
200 0.040346
200 0.048150
200 0.035879
200 0.039124
200 0.058012
200 0.047707
200 0.034380
200 0.040851
200 0.041169
200 0.048229
200 0.038287
200 0.039425
200 0.029896
200 0.052618
200 0.035230
200 0.035274
200 0.035174
200 0.034217
200 0.054518
200 0.044983
200 0.041330
200 0.039271
200 0.044408
200 0.039021
200 0.048811
200 0.037701
200 0.036895
200 0.047231
200 0.039932
200 0.031015
200 0.035267
200 0.046572
200 0.031043
200 0.044562
200 0.041195
200 0.028077
200 0.029150
200 0.030739
200 0.029008
200 0.033598
200 0.034387
200 0.038290
200 0.069072
200 0.056341
200 0.029376
200 0.030589
200 0.029259
200 0.038912
200 0.032472
200 0.034219
200 0.057088
200 0.039467
200 0.040239
200 0.042841
200 0.042054
200 0.042135
200 0.035350
200 0.037980
200 0.046372
200 0.057766
200 0.041949
200 0.049980
200 0.056286
200 0.041092
200 0.050019
200 0.042919
200 0.048152
200 0.039858
200 0.068281
200 0.042116
200 0.046552
200 0.041224
200 0.042326
200 0.045035
200 0.044990
200 0.045086
200 0.065797
200 0.047082
200 0.049735
200 0.048685
200 0.049266
200 0.053600
200 0.053410
200 0.051706
200 0.046340
200 0.054260
200 0.049467
200 0.061590
200 0.044181
200 0.047834
200 0.047505
200 0.048599
200 0.051229
200 0.055141
200 0.053914
200 0.073088
200 0.050944
200 0.055994
200 0.066186
200 0.055752
200 0.051759
200 0.047093
200 0.054414
200 0.048720
200 0.040990
200 0.038879
200 0.036535
