200 0.024711
200 0.025463
200 0.025786
200 0.025505
200 0.024476
200 0.024567
200 0.024897
200 0.024810
200 0.024113
200 0.025197
200 0.024614
200 0.024883
200 0.024590
200 0.025145
200 0.025967
200 0.024998
200 0.024666
200 0.025286
200 0.024630
200 0.025014
200 0.024446
200 0.024496
200 0.024751
200 0.024377
200 0.024066
200 0.024499
200 0.024595
200 0.024057
200 0.024273
200 0.025644
200 0.025516
200 0.024691
200 0.024579
200 0.024216
200 0.024682
200 0.024572
200 0.024493
200 0.024647
200 0.024575
200 0.024593
200 0.024500
200 0.024613
200 0.024402
200 0.024532
200 0.024216
200 0.024735
200 0.025061
200 0.024461
200 0.024559
200 0.024582
200 0.024221
200 0.024482
200 0.024415
200 0.024450
200 0.024456
200 0.024745
200 0.024436
200 0.024887
200 0.024709
200 0.024204
200 0.024126
200 0.024659
200 0.024653
200 0.024638
200 0.024566
200 0.024556
200 0.024649
200 0.024334
200 0.024685
200 0.024435
200 0.024521
200 0.024435
200 0.024062
200 0.024628
200 0.024453
200 0.024790
200 0.024162
200 0.024524
200 0.024711
200 0.024747
200 0.024710
200 0.024298
200 0.025064
200 0.025196
200 0.024653
200 0.024659
200 0.024527
200 0.024361
200 0.024498
200 0.025790
200 0.024473
200 0.024610
200 0.024846
200 0.024373
200 0.025236
200 0.024636
200 0.024976
200 0.024767
200 0.024411
200 0.024722
200 0.024378
200 0.024716
200 0.024782
200 0.024937
200 0.024752
200 0.024536
200 0.024710
200 0.025739
200 0.024570
200 0.025261
200 0.024642
200 0.024863
200 0.024761
200 0.024521
200 0.024172
200 0.024425
200 0.024100
200 0.024437
200 0.024786
200 0.024399
200 0.024847
200 0.024441
200 0.024737
200 0.024719
200 0.024586
200 0.024405
200 0.024377
200 0.024661
200 0.024638
200 0.024399
200 0.024961
200 0.025001
200 0.024578
200 0.024631
200 0.024584
200 0.024373
200 0.024549
200 0.024414
200 0.024340
200 0.024875
200 0.024474
200 0.024643
200 0.024390
200 0.024486
200 0.024818
200 0.024408
200 0.024629
200 0.024687
200 0.025027
200 0.024509
200 0.024571
200 0.024462
200 0.024344
200 0.024869
200 0.024718
200 0.024519
200 0.024850
200 0.024343
200 0.024433
200 0.024639
200 0.024544
200 0.024625
200 0.024468
200 0.024527
200 0.024626
200 0.024792
200 0.024918
200 0.024272
200 0.024511
200 0.024624
200 0.024575
200 0.025090
200 0.024399
200 0.024597
200 0.024385
200 0.024627
200 0.024412
200 0.024544
200 0.024447
200 0.024603
200 0.024401
200 0.024624
200 0.024868
200 0.024666
200 0.024642
200 0.024891
200 0.024483
200 0.024408
200 0.024228
200 0.024609
200 0.024356
200 0.024547
200 0.024491
200 0.024478
200 0.024491
200 0.024543
200 0.024669
200 0.024508
200 0.024862
200 0.024611
200 0.024585
200 0.024498
200 0.024351
200 0.024384
200 0.024353
200 0.024652
200 0.024474
200 0.024513
200 0.024670
200 0.024015
200 0.024396
200 0.024223
200 0.024609
200 0.024603
200 0.024662
200 0.024440
200 0.024435
200 0.024695
200 0.024298
200 0.025593
200 0.024233
200 0.024661
200 0.024574
200 0.024368
200 0.024836
200 0.024512
200 0.024553
200 0.024397
200 0.024677
200 0.024480
200 0.024534
200 0.024497
200 0.024319
200 0.024075
200 0.024670
200 0.024526
200 0.024549
200 0.024672
200 0.024163
200 0.024563
200 0.024649
200 0.024621
200 0.024625
200 0.024504
200 0.024604
200 0.024483
200 0.024898
200 0.024709
200 0.025979
200 0.024592
200 0.024732
200 0.024447
200 0.024530
200 0.024484
200 0.024703
200 0.024351
200 0.024752
200 0.024346
200 0.024667
200 0.024782
200 0.024508
200 0.024498
200 0.024804
200 0.024614
200 0.024695
200 0.024603
200 0.024812
200 0.024868
200 0.024483
200 0.024735
200 0.024376
200 0.024322
200 0.025185
200 0.024127
200 0.024604
200 0.024303
200 0.024728
200 0.024988
200 0.024637
200 0.024581
200 0.024574
200 0.024693
200 0.024332
200 0.024522
200 0.024542
200 0.024438
200 0.024758
200 0.024402
200 0.024755
200 0.024500
200 0.024484
200 0.024523
200 0.024691
200 0.024599
200 0.024782
200 0.024628
200 0.024512
200 0.024777
200 0.024644
200 0.024669
200 0.024198
200 0.024536
200 0.024330
200 0.024633
200 0.024873
200 0.024426
200 0.024650
200 0.025070
200 0.024514
200 0.024755
200 0.024732
200 0.024987
200 0.024461
200 0.024758
200 0.024413
200 0.024716
200 0.024838
200 0.024573
200 0.024327
200 0.024501
200 0.024605
200 0.024867
200 0.024529
200 0.024344
200 0.024420
200 0.024132
200 0.024663
200 0.024634
200 0.024420
200 0.024671
200 0.024650
200 0.024788
200 0.024087
200 0.024678
200 0.025073
200 0.024653
200 0.024910
200 0.024689
200 0.024452
200 0.024896
200 0.024123
200 0.024998
200 0.024831
200 0.024425
200 0.024420
200 0.024804
200 0.024760
200 0.024485
200 0.026231
200 0.024997
200 0.024868
200 0.024808
200 0.024739
200 0.024301
200 0.024568
200 0.024654
200 0.024711
200 0.024929
200 0.024531
200 0.024532
200 0.024745
200 0.024459
200 0.024393
200 0.024752
200 0.024526
200 0.024759
200 0.025092
200 0.024540
200 0.024519
200 0.024252
200 0.024643
200 0.024489
200 0.024004
200 0.024583
200 0.024792
200 0.024651
200 0.024505
200 0.024711
200 0.024479
200 0.024664
200 0.024542
200 0.024499
200 0.025154
200 0.025176
200 0.024372
200 0.024487
200 0.024480
200 0.024594
200 0.024590
200 0.025073
200 0.025023
200 0.024683
200 0.024516
200 0.024702
200 0.024593
200 0.024417
200 0.024406
200 0.024348
200 0.024595
200 0.024847
200 0.024846
200 0.024632
200 0.024697
200 0.024606
200 0.024730
200 0.024587
200 0.024690
200 0.024456
200 0.024404
200 0.024576
200 0.024266
200 0.024499
200 0.024360
200 0.025754
200 0.024571
200 0.024179
200 0.024458
200 0.025045
200 0.024451
200 0.024587
200 0.024549
200 0.024545
200 0.024755
200 0.024632
200 0.024458
200 0.024447
200 0.024096
200 0.024702
200 0.024472
200 0.024549
200 0.024678
200 0.024819
200 0.024820
200 0.025498
200 0.024730
200 0.024570
200 0.024428
200 0.024382
200 0.024578
200 0.025463
200 0.025075
200 0.024680
200 0.024343
200 0.024573
200 0.025051
200 0.026494
200 0.024572
200 0.024514
200 0.024356
200 0.025289
200 0.024470
200 0.025124
200 0.024301
200 0.024419
200 0.024663
200 0.024772
200 0.024693
200 0.024879
200 0.024834
200 0.024904
200 0.024963
200 0.024984
200 0.025869
200 0.024904
200 0.024381
200 0.024057
200 0.024205
200 0.024339
200 0.024767
200 0.024683
200 0.025154
200 0.025163
200 0.024734
200 0.024831
200 0.025758
200 0.024338
200 0.024661
200 0.025133
200 0.025914
200 0.025619
200 0.024649
200 0.024579
200 0.024686
200 0.024445
200 0.024613
200 0.024788
200 0.024535
200 0.024767
200 0.024571
200 0.024738
200 0.024466
200 0.024072
200 0.024488
200 0.025444
200 0.024447
200 0.024341
200 0.024513
200 0.025386
200 0.024574
200 0.024695
200 0.024524
200 0.024214
200 0.024751
200 0.025861
200 0.024232
200 0.024304
200 0.024611
200 0.024389
200 0.025086
200 0.024455
200 0.024393
200 0.025698
200 0.025012
200 0.024524
200 0.024191
200 0.024507
200 0.024491
200 0.024280
200 0.024667
200 0.026406
200 0.024401
200 0.024396
200 0.025248
200 0.024732
200 0.024792
200 0.024324
200 0.024686
200 0.024504
200 0.024829
200 0.024431
200 0.024552
200 0.024490
200 0.025579
200 0.024492
200 0.024461
200 0.024709
200 0.024732
200 0.024666
200 0.024573
200 0.024754
200 0.024384
200 0.024677
200 0.025347
200 0.024919
200 0.024898
200 0.024518
200 0.024441
200 0.024548
200 0.024465
200 0.024886
200 0.024651
200 0.024657
200 0.024515
200 0.024886
200 0.024997
200 0.024708
200 0.024497
200 0.025460
200 0.024704
200 0.024704
200 0.024962
200 0.024631
200 0.024295
200 0.024651
200 0.024541
200 0.024352
200 0.024895
200 0.024840
200 0.024353
200 0.024753
200 0.025844
200 0.024881
200 0.024980
200 0.025076
200 0.024798
200 0.024670
200 0.024528
200 0.024582
200 0.024734
200 0.024460
200 0.024751
200 0.024858
200 0.024394
200 0.024855
200 0.024527
200 0.024669
200 0.024116
200 0.024623
200 0.024412
200 0.024730
200 0.024376
200 0.025721
200 0.025481
200 0.024697
200 0.024623
200 0.024759
200 0.024388
200 0.024382
200 0.024467
200 0.024653
200 0.024598
200 0.024399
200 0.024781
200 0.024742
200 0.024609
200 0.024832
200 0.024564
200 0.024651
200 0.025046
200 0.024757
200 0.024435
200 0.024216
200 0.024800
200 0.024261
200 0.024755
200 0.024925
200 0.025282
200 0.026733
200 0.025581
200 0.024588
200 0.024834
200 0.024848
200 0.024975
200 0.025076
200 0.024816
200 0.024394
200 0.024830
200 0.024841
200 0.024646
200 0.024897
200 0.025027
200 0.024517
200 0.024332
200 0.024609
200 0.024358
200 0.024533
200 0.024529
200 0.024579
200 0.024790
200 0.024535
200 0.024839
200 0.024684
200 0.024430
200 0.024671
200 0.024465
200 0.025194
200 0.024264
200 0.024622
200 0.024675
200 0.025074
200 0.025270
200 0.024554
200 0.024233
200 0.024611
200 0.024782
200 0.026525
200 0.024849
200 0.024569
200 0.024479
200 0.024669
200 0.024537
200 0.024637
200 0.024576
200 0.024730
200 0.024461
200 0.024890
200 0.024574
200 0.024703
200 0.024766
200 0.024641
200 0.024536
200 0.024382
200 0.024650
200 0.024664
200 0.024484
200 0.024356
200 0.024136
200 0.025104
200 0.024829
200 0.024429
200 0.024848
200 0.024962
200 0.024738
200 0.024472
200 0.024589
200 0.024722
200 0.024810
200 0.025117
200 0.025247
200 0.024816
200 0.025979
200 0.024619
200 0.024739
200 0.025048
200 0.024827
200 0.024631
200 0.024628
200 0.024869
200 0.024656
200 0.024519
200 0.024464
200 0.024539
200 0.024300
200 0.025686
200 0.024658
200 0.024827
200 0.025813
200 0.024408
200 0.024448
200 0.024378
200 0.024828
200 0.024771
200 0.024121
200 0.025086
200 0.024725
200 0.024493
200 0.024616
200 0.024476
200 0.024936
200 0.025520
200 0.025478
200 0.024764
200 0.024122
200 0.024298
200 0.024609
200 0.024826
200 0.024378
200 0.024619
200 0.024265
200 0.024559
200 0.024767
200 0.024160
200 0.024702
200 0.024764
200 0.024704
200 0.024757
200 0.024920
200 0.024743
200 0.024592
200 0.024436
200 0.024702
200 0.024452
200 0.024813
200 0.024605
200 0.024469
200 0.025666
200 0.024470
200 0.024727
200 0.024210
200 0.024471
200 0.024556
200 0.024481
200 0.024418
200 0.024640
200 0.024522
200 0.024342
200 0.024706
200 0.024435
200 0.024321
200 0.026002
200 0.024798
200 0.024396
200 0.024675
200 0.024566
200 0.024243
200 0.024667
200 0.024386
200 0.024449
200 0.024564
200 0.024701
200 0.024817
200 0.024473
200 0.024394
200 0.025379
200 0.024384
200 0.024803
200 0.024543
200 0.024932
200 0.024782
200 0.024720
200 0.024816
200 0.024559
200 0.024615
200 0.024474
200 0.024947
200 0.024998
200 0.024941
200 0.024572
200 0.024724
200 0.025134
200 0.024654
200 0.024238
200 0.024701
200 0.024399
200 0.024627
200 0.024664
200 0.024641
200 0.024814
200 0.024298
200 0.024541
200 0.024688
200 0.024140
200 0.024490
200 0.024485
200 0.024440
200 0.024454
200 0.024744
200 0.024617
200 0.024621
200 0.024428
200 0.024421
200 0.024649
200 0.024796
200 0.024366
200 0.024755
200 0.024388
200 0.024895
200 0.024894
200 0.024794
200 0.024463
200 0.024214
200 0.024675
200 0.025191
200 0.026324
200 0.024211
200 0.024279
200 0.024826
200 0.024607
200 0.024558
200 0.024419
200 0.024675
200 0.024665
200 0.024082
200 0.024662
200 0.024615
200 0.024757
200 0.024471
200 0.024491
200 0.024117
200 0.024080
200 0.024598
200 0.024914
200 0.024715
200 0.024062
200 0.024478
200 0.024601
200 0.024458
200 0.024460
200 0.024796
200 0.024600
200 0.024817
200 0.024470
200 0.024931
200 0.024881
200 0.025026
200 0.024424
200 0.024601
200 0.024571
200 0.024478
200 0.024461
200 0.024627
200 0.024589
200 0.024518
200 0.024781
200 0.024438
200 0.024178
200 0.024817
200 0.024493
200 0.024751
200 0.024612
200 0.024311
200 0.024434
200 0.024674
200 0.024514
200 0.024469
200 0.024675
200 0.025131
200 0.024458
200 0.024887
200 0.024373
200 0.024875
200 0.024633
200 0.024833
200 0.024682
200 0.024551
200 0.024498
200 0.024971
200 0.024425
200 0.024579
200 0.024566
200 0.024664
200 0.024750
200 0.024327
200 0.024597
200 0.024527
200 0.024405
200 0.024753
200 0.024588
200 0.024728
200 0.024869
200 0.024478
200 0.024349
200 0.024361
200 0.024131
200 0.024517
200 0.024122
200 0.024514
200 0.024594
200 0.024563
200 0.024553
200 0.024665
200 0.024546
200 0.024452
200 0.024630
200 0.024592
200 0.024528
200 0.024436
200 0.024691
200 0.024245
200 0.024766
200 0.024408
200 0.024689
200 0.024453
200 0.024515
200 0.024526
200 0.024661
200 0.024469
200 0.024435
200 0.024552
200 0.024572
200 0.024770
200 0.024570
200 0.024492
200 0.024974
200 0.024845
200 0.024813
200 0.024741
200 0.024249
200 0.024554
200 0.024529
200 0.024576
200 0.024130
200 0.024480
200 0.024417
200 0.024699
200 0.024704
200 0.024321
200 0.024427
200 0.024710
200 0.025056
200 0.024695
200 0.024661
200 0.024363
200 0.024465
200 0.024679
200 0.024619
200 0.024536
200 0.024550
200 0.024689
200 0.024367
200 0.024405
200 0.024484
200 0.024672
200 0.024558
200 0.024609
200 0.024449
200 0.024533
200 0.024726
200 0.024661
200 0.024830
200 0.024725
200 0.024394
200 0.024928
200 0.024896
200 0.024618
200 0.024658
200 0.024672
200 0.024893
200 0.024976
200 0.025584
200 0.024620
200 0.024671
200 0.025063
200 0.024836
200 0.024474
200 0.024363
200 0.024572
200 0.024850
200 0.025603
200 0.024841
200 0.025269
200 0.024348
200 0.026029
200 0.025891
200 0.025675
200 0.025541
200 0.024463
200 0.024580
200 0.024856
200 0.024647
