200 0.716628
200 0.723833
200 0.830588
200 0.972263
200 0.845197
200 0.840854
200 0.837209
200 0.696434
200 0.826278
200 0.894280
200 0.790647
200 0.790710
200 0.690105
200 0.693970
200 0.694760
200 0.781363
200 0.657200
200 0.666895
200 0.746341
200 0.745368
200 0.665810
200 0.661809
200 0.713935
200 0.742013
200 0.812956
200 0.819841
200 0.769010
200 1.005532
200 0.816436
200 0.731288
200 0.880085
200 0.795702
200 0.747708
200 0.748111
200 0.677318
200 0.709174
200 0.690698
200 0.691301
200 0.706247
200 0.745354
200 0.678754
200 0.679140
200 0.800176
200 0.760482
200 0.671544
200 0.760809
200 0.726541
200 0.678791
200 0.691192
200 0.838265
200 0.743835
200 0.822762
200 0.730596
200 0.665336
200 0.659765
200 0.805134
200 0.721377
200 0.892736
200 0.721002
200 0.682446
200 0.767567
200 0.767400
200 0.820975
200 0.622545
200 0.731202
200 0.731245
200 0.835761
200 0.688587
200 0.649803
200 0.650345
200 0.724845
200 0.815276
200 0.730210
200 0.730458
200 0.737275
200 0.738929
200 0.715540
200 0.715817
200 0.734861
200 0.811683
200 0.749573
200 0.867374
200 0.664573
200 0.820776
200 0.751304
200 0.713590
200 0.671073
200 0.731798
200 0.679701
200 0.903833
200 0.802693
200 0.909139
200 0.880355
200 0.653736
200 0.667356
200 0.717101
200 0.910930
200 0.853978
200 0.756914
200 0.715468
200 0.677914
200 0.681059
200 0.846874
200 0.722808
200 0.715540
200 0.713303
200 0.713494
200 0.657633
200 0.676112
200 0.699331
200 0.703026
200 0.676558
200 0.755408
200 1.008823
200 1.006698
200 0.704509
200 0.923482
200 0.756008
200 0.760002
200 0.777890
