200 0.810294
200 0.892443
200 0.895800
200 0.898199
200 0.895230
200 0.982249
200 1.109338
200 1.110150
200 1.217677
200 1.224234
200 1.290358
200 1.296233
200 1.434803
200 1.438722
200 1.625554
200 1.623754
200 0.877525
200 0.795744
200 0.796225
200 0.972938
200 0.884238
200 0.756356
200 0.974253
200 0.756525
200 0.723303
200 0.725792
200 0.737571
200 0.738691
200 0.680856
200 0.838649
200 0.650034
200 0.651174
200 0.659779
200 0.661086
200 0.751235
200 0.679222
200 0.680032
200 0.795439
200 0.900567
200 0.876975
200 0.881231
200 0.970378
200 0.819386
200 0.906138
200 0.744256
200 0.752621
200 0.752666
200 1.085149
200 0.841163
200 0.912802
200 0.740843
200 0.806937
200 0.769211
200 0.884848
200 0.664179
200 0.694112
200 0.794711
200 0.811350
200 0.708868
200 0.791415
200 0.973279
200 0.683626
200 0.762303
200 0.896434
200 1.034471
200 1.033937
200 1.033877
200 0.786085
200 0.864720
200 0.787828
200 0.755906
200 0.961419
200 0.836234
200 0.668431
200 0.669409
200 0.740257
200 0.740374
200 0.937803
200 0.767157
200 0.722524
200 0.671337
200 0.672114
200 0.671605
200 0.749917
200 0.660038
200 0.834660
200 0.659602
200 0.667095
200 0.667975
200 0.975084
200 0.849671
200 0.667377
200 0.929328
200 0.929658
200 0.903754
200 0.828058
200 0.690573
200 0.768399
200 0.847649
200 0.847380
200 0.764382
200 0.680702
200 0.850637
200 0.711742
200 0.844236
200 0.934170
200 0.752514
200 0.677861
200 0.750469
200 0.751507
200 0.674206
200 0.837747
200 0.728752
200 0.651409
200 0.651774
200 0.715767
200 0.832892
200 0.833925
200 0.825281
200 0.825009
