200 1.085742
200 1.094998
200 1.157969
200 1.165771
200 1.168114
200 1.379256
200 1.429065
200 1.435525
200 1.440337
200 1.542116
200 1.544636
200 1.546284
200 1.551192
200 1.634295
200 1.700227
200 1.703322
200 1.727700
200 1.722080
200 1.831241
200 1.835500
200 1.839379
200 1.910059
200 1.892413
200 1.914079
200 1.906357
200 1.996165
200 1.987028
200 1.992072
200 2.073318
200 2.137340
200 2.144799
200 2.143803
200 2.153864
200 2.158075
200 2.234025
200 2.235405
200 2.242195
200 2.323603
200 2.321474
200 2.468330
200 2.479791
200 2.555288
200 2.563948
200 2.572863
200 2.570724
200 2.570329
200 2.632453
200 2.742788
200 2.741498
200 2.741227
200 2.817922
200 2.819177
200 2.824919
200 2.970439
200 2.969973
200 2.970171
200 2.052365
200 2.056594
200 3.137520
200 3.140227
200 3.143625
200 3.132861
200 3.133693
200 3.145799
200 1.930351
200 3.295440
200 2.152915
200 1.819819
200 1.834463
200 2.035266
200 2.092147
200 2.093724
200 2.094059
200 1.927242
200 1.915982
200 2.205399
200 2.477145
200 2.206853
200 2.051945
200 2.116280
200 2.001979
200 2.116962
200 2.116917
200 2.147877
200 2.065468
200 2.224953
200 2.314082
200 2.319313
200 2.231078
200 2.317688
200 2.076533
200 2.196903
200 2.201094
200 2.562610
200 2.233104
200 2.373154
200 2.372265
200 2.212796
200 2.313706
200 4.627240
200 2.305664
200 2.393628
200 2.180389
200 2.251058
200 2.337809
200 2.255164
200 2.256414
200 2.150096
200 2.337076
200 2.419950
200 2.001088
200 2.149397
200 2.237039
200 2.340928
200 2.158161
200 2.313275
200 2.290139
200 2.140748
200 2.386868
200 5.142746
