200 0.705696
200 0.705322
200 0.844303
200 0.846841
200 0.847627
200 0.927251
200 0.927577
200 0.928425
200 0.627732
200 0.628779
200 0.694209
200 0.772255
200 0.782969
200 0.783268
200 0.865228
200 0.869553
200 0.698623
200 0.699282
200 0.656985
200 0.650490
200 0.650735
200 0.743058
200 0.662426
200 0.824343
200 0.710817
200 0.806934
200 0.938144
200 0.857216
200 0.770230
200 0.846157
200 0.945237
200 1.015152
200 0.712555
200 0.705621
200 0.805695
200 0.723312
200 0.771720
200 0.772901
200 0.830964
200 0.959040
200 0.909953
200 1.070537
200 0.873412
200 0.875566
200 0.691805
200 0.906228
200 0.800238
200 0.693362
200 0.988815
200 0.743709
200 0.702927
200 0.702716
200 0.700899
200 0.715517
200 0.697740
200 0.698514
200 0.870092
200 0.641001
200 1.014845
200 1.095910
200 1.277092
200 1.034450
200 1.451895
200 1.290609
200 1.587409
200 2.138629
200 1.804192
200 1.804357
200 1.806910
200 1.556934
200 1.558653
200 1.866229
200 1.336058
200 1.339001
200 1.693379
200 1.336236
200 1.608166
200 1.598767
200 1.547452
200 1.598742
200 1.537872
200 1.218655
200 1.482181
200 1.456262
200 1.287810
200 1.287862
200 1.457741
200 1.458892
200 1.256866
200 1.200400
200 1.142304
200 1.202506
200 1.158479
200 1.337117
200 1.253242
200 1.190004
200 1.478007
200 0.979374
200 1.156817
200 1.096868
200 1.015028
200 0.932035
200 1.066326
200 2.349958
200 1.425840
200 1.787126
200 1.149589
200 1.483674
200 1.078415
200 1.311556
200 1.408369
200 0.701833
200 0.721102
200 0.656366
200 0.731346
200 0.656655
200 0.785998
200 0.779644
200 0.780278
200 0.787044
