200 0.027055
200 0.026837
200 0.028112
200 0.030427
200 0.030788
200 0.031621
200 0.029530
200 0.030816
200 0.036396
200 0.039748
200 0.038640
200 0.043160
200 0.043976
200 0.048514
200 0.051319
200 0.047113
200 0.053428
200 0.050080
200 0.057237
200 0.047892
200 0.044425
200 0.052641
200 0.045797
200 0.049054
200 0.052133
200 0.050588
200 0.050158
200 0.050353
200 0.052223
200 0.054426
200 0.049835
200 0.064252
200 0.052300
200 0.041773
200 0.047384
200 0.047186
200 0.045215
200 0.042248
200 0.044720
200 0.041923
200 0.049449
200 0.039421
200 0.083734
200 0.039620
200 0.047477
200 0.075689
200 0.046163
200 0.037978
200 0.044198
200 0.047913
200 0.042266
200 0.047300
200 0.037909
200 0.049745
200 0.047549
200 0.035244
200 0.034935
200 0.035247
200 0.055264
200 0.036235
200 0.034643
200 0.040195
200 0.041807
200 0.039849
200 0.036902
200 0.038144
200 0.044026
200 0.057805
200 0.034347
200 0.039070
200 0.040951
200 0.063002
200 0.039862
200 0.053352
200 0.043537
200 0.042468
200 0.047461
200 0.039686
200 0.039126
200 0.041000
200 0.034799
200 0.038964
200 0.040336
200 0.040142
200 0.047433
200 0.039195
200 0.049820
200 0.044582
200 0.044625
200 0.052315
200 0.046007
200 0.041143
200 0.039098
200 0.039746
200 0.041198
200 0.048420
200 0.039372
200 0.062043
200 0.043477
200 0.044675
200 0.046205
200 0.041536
200 0.071126
200 0.041883
200 0.046867
200 0.054243
200 0.048952
200 0.044169
200 0.047468
200 0.043927
200 0.048236
200 0.057491
200 0.054178
200 0.052755
200 0.048206
200 0.059300
200 0.060877
200 0.053629
200 0.051308
200 0.043433
200 0.043411
200 0.051645
200 0.075561
200 0.044335
200 0.053802
200 0.046150
200 0.062464
200 0.045922
200 0.052362
200 0.081298
200 0.058283
200 0.052739
200 0.053568
200 0.049111
200 0.049817
200 0.059193
200 0.051404
200 0.064211
200 0.047958
200 0.054503
200 0.060575
200 0.050944
200 0.052884
200 0.058375
200 0.041497
200 0.040652
200 0.048399
200 0.042645
200 0.044726
200 0.078438
200 0.046878
200 0.046183
200 0.050086
200 0.051531
200 0.051616
200 0.078610
200 0.057760
200 0.047548
200 0.056799
200 0.050320
200 0.049442
200 0.064412
200 0.056336
200 0.063364
200 0.049828
200 0.048169
200 0.061333
200 0.050669
200 0.050394
200 0.050407
200 0.051907
200 0.042057
200 0.059193
200 0.071745
200 0.045670
200 0.041655
200 0.043491
200 0.044366
200 0.048681
200 0.048620
200 0.046518
200 0.073079
200 0.053514
200 0.048928
200 0.052936
200 0.054317
200 0.054349
200 0.049346
200 0.052050
200 0.058389
200 0.057795
200 0.047428
200 0.056467
200 0.053249
200 0.048436
200 0.040631
200 0.047855
200 0.045160
200 0.063542
200 0.044841
200 0.046743
200 0.056986
200 0.049684
200 0.056083
200 0.044225
200 0.046255
200 0.041516
200 0.046246
200 0.044992
200 0.053083
200 0.051535
200 0.053161
200 0.052973
200 0.044980
200 0.054142
200 0.052431
200 0.053191
200 0.061469
200 0.050905
200 0.056159
200 0.044481
200 0.041273
200 0.039490
200 0.059268
200 0.046962
200 0.056495
200 0.040459
200 0.038298
200 0.046401
200 0.034036
200 0.049619
200 0.039367
200 0.044848
200 0.037148
200 0.044605
200 0.043523
200 0.048443
200 0.041186
200 0.042422
200 0.050164
200 0.040562
200 0.035890
200 0.052117
200 0.048678
200 0.040136
200 0.049388
200 0.037801
200 0.049097
200 0.042063
200 0.055312
200 0.042470
200 0.055672
200 0.048352
200 0.046576
200 0.042876
200 0.049615
200 0.044205
200 0.046053
200 0.052111
200 0.043051
200 0.045980
200 0.048208
200 0.055958
200 0.042902
200 0.052447
200 0.048829
200 0.051079
200 0.056527
200 0.052311
200 0.052242
200 0.059307
200 0.050157
200 0.056957
200 0.054590
200 0.065270
200 0.060006
200 0.050000
200 0.048201
200 0.062226
200 0.049001
200 0.065054
200 0.052716
200 0.058611
200 0.049686
200 0.045599
200 0.043836
200 0.043533
200 0.045806
200 0.048019
200 0.044316
200 0.052571
200 0.048706
200 0.049028
200 0.050791
200 0.054398
200 0.054958
200 0.058982
200 0.047994
200 0.041442
200 0.054445
200 0.060958
200 0.038242
200 0.050642
200 0.053371
200 0.063422
200 0.042055
200 0.045675
200 0.037978
200 0.050884
200 0.045227
200 0.064935
200 0.042209
200 0.046553
200 0.076536
200 0.044028
200 0.047519
200 0.042253
200 0.045230
200 0.048182
200 0.140693
200 0.049136
200 0.055125
200 0.062288
200 0.054777
200 0.056743
200 0.047104
200 0.063327
200 0.046564
200 0.045847
200 0.044910
200 0.044354
200 0.048908
200 0.047020
200 0.071095
200 0.049325
200 0.044488
200 0.055208
200 0.060636
200 0.084833
200 0.042667
200 0.056694
200 0.045163
200 0.043854
200 0.040555
200 0.071527
200 0.044598
200 0.046629
200 0.050008
200 0.048244
200 0.048361
200 0.061955
200 0.058290
200 0.041462
200 0.041338
200 0.043316
200 0.039909
200 0.061915
200 0.051682
200 0.039070
200 0.047910
200 0.045234
200 0.039251
200 0.050081
200 0.046459
200 0.050014
200 0.047185
200 0.047834
200 0.040836
200 0.040876
200 0.044243
200 0.036896
200 0.041033
200 0.044395
200 0.071958
200 0.050113
200 0.066293
200 0.044931
200 0.048097
200 0.050419
200 0.053369
200 0.044939
200 0.051882
200 0.053338
200 0.044546
200 0.046352
200 0.061144
200 0.042209
200 0.047951
200 0.047567
200 0.046908
200 0.048177
200 0.052259
200 0.046882
200 0.050868
200 0.054700
200 0.061933
200 0.064000
200 0.045502
200 0.045746
200 0.052192
200 0.052356
200 0.058515
200 0.050478
200 0.055254
200 0.049874
200 0.057412
200 0.051358
200 0.052805
200 0.056097
200 0.053574
200 0.049784
200 0.056268
200 0.051979
200 0.073188
200 0.056062
200 0.058222
200 0.057297
200 0.065088
200 0.054134
200 0.061131
200 0.066482
200 0.045566
200 0.048531
200 0.039775
200 0.060395
200 0.055069
200 0.041281
200 0.076935
200 0.046421
200 0.047879
200 0.050961
200 0.050953
200 0.052292
200 0.053730
200 0.062752
200 0.054231
200 0.044114
200 0.049293
200 0.047699
200 0.063753
200 0.045256
200 0.059700
200 0.048386
200 0.065356
200 0.059194
200 0.051730
200 0.050830
200 0.062128
200 0.057488
200 0.060686
200 0.051675
200 0.052961
200 0.043863
200 0.041653
200 0.050233
200 0.060474
200 0.053509
200 0.041732
200 0.045382
200 0.064492
200 0.045425
200 0.046057
200 0.041174
200 0.041325
200 0.054151
200 0.051964
200 0.045702
200 0.048877
200 0.043722
200 0.061314
200 0.045987
200 0.051834
200 0.046204
200 0.058602
200 0.043584
200 0.039892
200 0.063313
200 0.040064
200 0.039640
200 0.033994
200 0.042566
200 0.050456
200 0.050263
200 0.048314
200 0.068101
200 0.041423
200 0.042156
200 0.046846
200 0.051981
200 0.042376
200 0.044540
200 0.046390
200 0.054882
200 0.052249
200 0.041937
200 0.045134
200 0.039890
200 0.055673
200 0.034508
200 0.036620
200 0.033040
200 0.058138
200 0.053266
200 0.031426
200 0.033993
200 0.037703
200 0.046341
200 0.033189
200 0.040024
200 0.045575
200 0.034456
200 0.031078
200 0.040564
200 0.032648
200 0.042586
200 0.048166
200 0.030161
200 0.034343
200 0.030404
200 0.044840
200 0.052211
200 0.039010
200 0.040205
200 0.034666
200 0.038123
200 0.047213
200 0.038370
200 0.036488
200 0.060499
200 0.040493
200 0.034476
200 0.040490
200 0.033079
200 0.044339
200 0.037214
200 0.034168
200 0.033732
200 0.042721
200 0.069008
200 0.039810
200 0.039884
200 0.039099
200 0.045940
200 0.063097
200 0.059975
200 0.039971
200 0.039984
200 0.046949
200 0.043354
200 0.045281
200 0.044029
200 0.045040
200 0.042878
200 0.064954
200 0.044192
200 0.045323
200 0.053241
200 0.054264
200 0.056988
200 0.052695
200 0.059096
200 0.071416
200 0.046168
200 0.051694
200 0.051598
200 0.047022
200 0.050261
200 0.049858
200 0.075797
200 0.052776
200 0.044762
200 0.045385
200 0.056576
200 0.073622
200 0.050988
200 0.053952
200 0.048465
200 0.054777
200 0.053679
200 0.077624
200 0.053282
200 0.070768
200 0.054096
200 0.068719
200 0.054177
200 0.054030
200 0.052350
200 0.052586
200 0.059453
200 0.066578
200 0.057210
200 0.059144
200 0.059986
200 0.055612
200 0.054348
200 0.062094
200 0.053292
200 0.050246
200 0.055237
200 0.052143
200 0.067490
200 0.070427
200 0.050603
200 0.055333
200 0.068879
200 0.053540
200 0.060342
200 0.065542
200 0.055354
200 0.046057
200 0.062757
200 0.053404
200 0.043982
200 0.051223
200 0.045541
200 0.043476
200 0.043272
200 0.046858
200 0.063358
200 0.043328
200 0.049467
200 0.060909
200 0.049189
200 0.041412
200 0.038429
200 0.046376
200 0.052349
200 0.039617
200 0.047136
200 0.042655
200 0.061715
200 0.041471
200 0.041300
200 0.050101
200 0.040024
200 0.057827
200 0.044559
200 0.049148
200 0.079853
200 0.045331
200 0.041187
200 0.039860
200 0.040636
200 0.052091
200 0.041899
200 0.045456
200 0.040153
200 0.048104
200 0.052310
200 0.035656
200 0.039875
200 0.041172
200 0.036231
200 0.054152
200 0.040892
200 0.030545
200 0.059628
200 0.032519
200 0.036558
200 0.034854
200 0.042420
200 0.041913
200 0.031201
200 0.050901
200 0.032454
200 0.047138
200 0.032247
200 0.056331
200 0.031694
200 0.034299
200 0.059228
200 0.041787
200 0.051606
200 0.062669
200 0.047100
200 0.041796
200 0.042759
200 0.051215
200 0.074355
200 0.043883
200 0.044998
200 0.043880
200 0.042549
200 0.050325
200 0.052558
200 0.063337
200 0.050446
200 0.052297
200 0.057907
200 0.055129
200 0.046235
200 0.052014
200 0.046927
200 0.065251
200 0.052990
200 0.080763
200 0.078310
200 0.052151
200 0.056454
200 0.058435
200 0.078601
200 0.058912
200 0.076744
200 0.051939
200 0.052233
200 0.067092
200 0.051271
200 0.053240
200 0.057891
200 0.062049
200 0.057834
200 0.056762
200 0.062423
200 0.051537
200 0.052143
200 0.050333
200 0.049020
200 0.044582
200 0.045747
200 0.052471
200 0.049832
200 0.081980
200 0.053874
200 0.091227
200 0.072016
200 0.053851
200 0.061043
200 0.060018
200 0.091168
200 0.056742
200 0.060946
200 0.055082
200 0.053951
200 0.052867
200 0.062756
200 0.053309
200 0.060628
200 0.054402
200 0.066942
200 0.046532
200 0.054958
200 0.053496
200 0.061560
200 0.051980
200 0.046060
200 0.049232
200 0.042188
200 0.050840
200 0.080683
200 0.088597
200 0.086365
200 0.055472
200 0.053072
200 0.050011
200 0.048514
200 0.083503
200 0.062175
200 0.047095
200 0.050212
200 0.047329
200 0.055286
200 0.055296
200 0.052009
200 0.055209
200 0.056424
200 0.063940
200 0.062066
200 0.051257
200 0.045915
200 0.047037
200 0.043289
200 0.060923
200 0.048393
200 0.061437
200 0.036822
200 0.045807
200 0.047240
200 0.058833
200 0.045598
200 0.081516
200 0.089249
200 0.048447
200 0.046384
200 0.046816
200 0.060228
200 0.048426
200 0.053691
200 0.047306
200 0.063080
200 0.049358
200 0.044904
200 0.048016
200 0.055730
200 0.050441
200 0.049390
200 0.072657
200 0.050194
200 0.051550
200 0.048524
200 0.067991
200 0.058443
200 0.050920
200 0.049153
200 0.049229
200 0.072388
200 0.043853
200 0.079371
200 0.052581
200 0.051508
200 0.053414
200 0.054223
200 0.058390
200 0.052748
200 0.051716
200 0.059819
200 0.054576
200 0.044107
200 0.054854
200 0.056307
200 0.053651
200 0.058417
200 0.050390
200 0.046093
200 0.055159
200 0.071288
200 0.055079
200 0.049313
200 0.087981
200 0.056267
200 0.051112
200 0.047323
200 0.044340
200 0.063387
200 0.054404
200 0.063904
200 0.055895
200 0.051428
200 0.046196
200 0.038716
200 0.064373
200 0.041397
200 0.042415
200 0.034224
200 0.045730
200 0.054762
200 0.061300
200 0.046107
200 0.049561
200 0.044052
200 0.041646
200 0.052410
200 0.050512
200 0.047458
200 0.038405
200 0.048403
200 0.055442
200 0.049306
200 0.059223
200 0.056243
200 0.054626
200 0.056302
200 0.053169
200 0.047262
200 0.050272
200 0.046725
200 0.046025
200 0.060179
200 0.052253
200 0.047141
200 0.047535
200 0.070741
200 0.050946
200 0.054638
200 0.048729
200 0.045872
200 0.045901
200 0.067419
200 0.061245
200 0.067229
200 0.034013
200 0.066238
200 0.049285
200 0.047961
200 0.047414
200 0.052454
200 0.041725
200 0.067445
200 0.045274
200 0.044530
200 0.047979
200 0.041592
200 0.049024
200 0.046100
200 0.038045
200 0.060983
200 0.050596
200 0.046933
200 0.053347
200 0.051378
200 0.047838
200 0.047280
200 0.045037
200 0.045310
200 0.041003
200 0.040216
200 0.042519
200 0.057198
200 0.050374
200 0.040065
200 0.036980
200 0.043040
200 0.042694
200 0.033658
200 0.039748
200 0.046232
200 0.048309
200 0.051693
200 0.063040
200 0.037896
200 0.044187
200 0.037385
200 0.029441
200 0.034793
200 0.041161
200 0.043121
200 0.042446
200 0.042988
200 0.040479
200 0.034965
200 0.038666
200 0.034929
200 0.032241
200 0.061306
200 0.033459
200 0.057936
200 0.031471
200 0.059919
200 0.050463
200 0.035396
200 0.035574
200 0.043514
200 0.042624
200 0.041886
200 0.053966
200 0.058826
200 0.049695
200 0.039900
200 0.037223
200 0.034843
200 0.031240
200 0.034289
200 0.034497
200 0.045112
200 0.033350
200 0.033126
200 0.053359
200 0.032868
200 0.039557
200 0.039210
200 0.039488
200 0.036419
200 0.044189
200 0.030693
200 0.045311
200 0.037208
200 0.053750
200 0.037648
200 0.030349
200 0.030416
200 0.029019
200 0.032463
200 0.031428
200 0.034666
200 0.030222
200 0.036671
200 0.037794
200 0.032192
200 0.039767
200 0.044508
200 0.039555
200 0.041659
200 0.035161
200 0.035494
200 0.041031
200 0.045649
200 0.036061
200 0.054290
200 0.052252
200 0.041121
200 0.035527
200 0.039854
200 0.041479
200 0.035087
200 0.037580
200 0.039795
200 0.038794
200 0.036213
200 0.038842
200 0.042990
200 0.038070
