200 0.811568
200 0.758658
200 0.784540
200 0.676162
200 0.724385
200 0.680188
200 0.715053
200 0.797823
200 0.670611
200 0.719281
200 0.728940
200 0.778990
200 0.921852
200 0.928555
200 0.835485
200 0.723273
200 0.650707
200 0.748487
200 0.739890
200 0.659236
200 1.184399
200 1.064932
200 0.897515
200 0.831397
200 0.773623
200 0.693067
200 0.675813
200 0.814322
200 0.722055
200 0.779674
200 0.753117
200 1.028312
200 0.783783
200 0.718825
200 0.822079
200 0.775508
200 0.800384
200 0.852427
200 0.707586
200 0.841882
200 0.775425
200 0.721613
200 0.664426
200 0.709218
200 0.708525
200 0.732108
200 0.910262
200 0.689049
200 0.757274
200 0.636984
200 0.805624
200 0.823637
200 0.645993
200 0.678179
200 0.654832
200 1.907707
200 0.715887
200 0.920022
200 0.837315
200 1.797110
200 0.730131
200 0.739785
200 0.751864
200 0.934419
200 0.904928
200 0.684647
200 0.792818
200 1.037944
200 0.763275
200 0.879955
200 0.732823
200 0.665848
200 0.671565
200 0.693798
200 0.749601
200 0.658551
200 0.660221
200 0.849967
200 0.780666
200 0.734734
200 0.708211
200 0.751661
200 0.693620
200 0.709686
200 1.009995
200 0.704468
200 0.801164
200 0.797582
200 0.678252
200 0.702791
200 0.730645
200 0.915698
200 0.674961
200 0.638501
200 0.653154
200 0.745345
200 0.687817
200 0.744185
200 0.719849
200 0.812843
200 0.729865
200 0.682195
200 0.815936
200 0.794931
200 0.681534
200 0.817122
200 0.765779
200 0.842793
200 0.687061
200 0.720072
200 0.794320
200 0.724917
200 0.699739
200 0.917006
200 0.693188
200 0.712350
200 0.757638
200 0.720501
200 0.766049
200 0.782141
