200 0.802407
200 0.812038
200 0.811358
200 0.819245
200 0.965662
200 0.966769
200 1.059120
200 1.055615
200 1.059469
200 1.132310
200 1.132941
200 1.142077
200 1.217167
200 1.208786
200 1.220637
200 1.216414
200 1.223833
200 1.290696
200 1.376723
200 1.383904
200 1.387088
200 1.458189
200 1.466752
200 1.461927
200 1.468627
200 1.539948
200 1.545811
200 1.625705
200 1.620839
200 1.808539
200 1.001746
200 1.810693
200 0.921731
200 1.889463
200 1.233191
200 1.234162
200 0.982822
200 1.063351
200 1.304199
200 1.155586
200 1.058192
200 1.138698
200 1.060224
200 1.221344
200 1.138578
200 1.218320
200 0.973397
200 1.144968
200 1.147913
200 1.142269
200 1.054405
200 1.218288
200 1.055170
200 1.058295
200 1.141500
200 1.055202
200 1.222982
200 1.136707
200 1.299570
200 1.037272
200 1.303350
200 1.035080
200 1.036257
200 1.304471
200 1.024289
200 1.259077
200 1.258181
200 1.008567
200 1.092113
200 1.121987
200 1.123118
200 0.964394
200 1.203905
200 1.118504
200 1.276592
200 1.278498
200 1.204495
200 1.128275
200 1.120556
200 1.129635
200 1.124138
200 1.137982
200 1.211960
200 1.204082
200 1.039129
200 1.283400
200 1.202225
200 1.219398
200 1.219848
200 1.056930
200 1.131131
200 1.220617
200 1.052229
200 1.301854
200 0.996590
200 1.143082
200 0.998865
200 1.001477
200 1.222013
200 1.016120
200 1.020678
200 0.915337
200 0.912208
200 1.074191
200 1.162865
200 1.241098
200 1.161535
200 1.163579
200 1.170476
200 1.170396
200 1.246382
200 1.177013
200 1.194265
200 1.261627
200 1.261680
200 1.115943
200 1.288410
200 1.446065
200 1.296897
200 1.194295
